405500000.000000	0.000000
405500000.000000	2332108.800000
405485810.282167	4664217.600000
405457431.550487	6996244.796242
405414864.923818	9328108.792125
405358111.935915	11659727.999657
405287174.535451	13991020.840904
405202055.086038	16321905.749441
405102756.366259	18652301.171807
404989281.569698	20982125.568962
404861634.304974	23311297.417743
404719818.595776	25639735.212330
404563838.880907	27967357.465703
404393700.014320	30294082.711110
404209407.265171	32619829.503539
404010966.317861	34944516.421184
403798383.272088	37268062.066924
403571664.642903	39590385.069795
403330817.360764	41911404.086476
403075848.771595	44231037.802771
402806766.636845	46549204.935094
402523579.133557	48865824.231964
402226294.854427	51180814.475497
401914922.807879	53494094.482904
401589472.418130	55805583.107995
401249953.525266	58115199.242686
400896376.385317	60422861.818506
400528751.670334	62728489.808117
400147090.468466	65032002.226829
399751404.284047	67333318.134126
399341705.037672	69632356.635194
398918005.066287	71929036.882454
398480317.123276	74223278.077102
398028654.378546	76514999.470650
397563030.418623	78804120.366473
397083459.246738	81090560.121369
396589955.282926	83374238.147110
396082533.364117	85655073.912010
395561208.744235	87932986.942498
395025997.094295	90207896.824687
394476914.502500	92479723.205961
393913977.474347	94748385.796562
393337202.932721	97013804.371179
392746608.218002	99275898.770552
392142211.088168	101534588.903078
391524029.718895	103789794.746420
390892082.703669	106041436.349128
390246389.053883	108289433.832265
389586968.198951	110533707.391037
388913839.986408	112774177.296433
388227024.682021	115010763.896873
387526542.969897	117243387.619855
386812415.952583	119471968.973621
386084665.151185	121696428.548822
385343312.505466	123916687.020191
384588380.373956	126132665.148228
383819891.534062	128344283.780887
383037869.182174	130551463.855275
382242336.933767	132754126.399355
381433318.823513	134952192.533662
380610839.305383	137145583.473021
379774923.252754	139334220.528276
378925595.958510	141518025.108031
378062883.135146	143696918.720388
377186810.914872	145870822.974709
376297405.849709	148039659.583372
375394694.911593	150203350.363544
374478705.492472	152361817.238960
373549465.404399	154514982.241713
372607002.879632	156662767.514047
371651346.570721	158805095.310166
370682525.550605	160941887.998047
369700569.312697	163073068.061267
368705507.770972	165198558.100831
367697371.260054	167318280.837020
366676190.535293	169432159.111239
365641996.772850	171540115.887880
364594821.569769	173642074.256191
363534696.944057	175737957.432159
362461655.334750	177827688.760400
361375729.601982	179911191.716055
360276953.027054	181988389.906706
359165359.312489	184059207.074290
358040982.582095	186123567.097033
356903857.381018	188181393.991385
355754018.675790	190232611.913978
354591501.854381	192277145.163579
353416342.726233	194314918.183062
352228577.522308	196345855.561394
351028242.895114	198369882.035619
349815375.918738	200386922.492867
348590014.088869	202396901.972363
347352195.322817	204399745.667451
346101957.959530	206395378.927628
344839340.759601	208383727.260589
343564382.905273	210364716.334285
342277124.000437	212338271.978985
340977604.070623	214304320.189361
339665863.562992	216262787.126567
338341943.346310	218213599.120349
337005884.710927	220156682.671149
335657729.368745	222091964.452231
334297519.453179	224019371.311811
332925297.519109	225938830.275208
331541106.542835	227850268.546993
330144989.922009	229753613.513162
328736991.475578	231648792.743314
327317155.443702	233535733.992838
325885526.487679	235414365.205121
324442149.689851	237284614.513758
322987070.553510	239146410.244778
321520335.002791	240999680.918881
320041989.382561	242844355.253689
318552080.458290	244680362.166002
317050655.415930	246507630.774077
315537761.861764	248326090.399902
314013447.822267	250135670.571504
312477761.743940	251936301.025247
310930752.493145	253727911.708156
309372469.355929	255510432.780248
307802962.037831	257283794.616874
306222280.663691	259047927.811077
304630475.777436	260802763.175956
303027598.341865	262548231.747048
301413699.738415	264284264.784716
299788831.766929	266010793.776557
298153046.645393	267727750.439812
296506397.009683	269435066.723796
294848935.913284	271132674.812335
293180716.827007	272820507.126221
291501793.638690	274498496.325669
289812220.652884	276166575.312799
288112052.590535	277824677.234116
286401344.588645	279472735.483015
284680152.199922	281110683.702287
282948531.392423	282738455.786644
281206538.549174	284355985.885255
279454230.467784	285963208.404290
277691664.360038	287560058.009479
275918897.851489	289146469.628683
274135988.981018	290722378.454477
272342996.200394	292287719.946741
270539978.373813	293842429.835269
268726994.777421	295386444.122381
266904105.098827	296919699.085560
265071369.436595	298442131.280084
263228848.299724	299953677.541685
261376602.607111	301454274.989207
259514693.686997	302943861.027286
257643183.276398	304422373.349034
255762133.520520	305889749.938736
253871606.972152	307345929.074562
251971666.591052	308790849.331286
250062375.743307	310224449.583016
248143798.200674	311646669.005939
246215998.139916	313057447.081076
244279040.142104	314456723.597041
242332989.191910	315844438.652824
240377910.676884	317220532.660572
238413870.386699	318584946.348387
236440934.512396	319937620.763135
234459169.645590	321278497.273265
232468642.777674	322607517.571634
230469421.298989	323924623.678349
228461572.997984	325229757.943615
226445166.060351	326522863.050596
224420269.068142	327803882.018281
222386950.998860	329072758.204366
220345281.224535	330329435.308141
218295329.510778	331573857.373391
216237166.015812	332805968.791301
214170861.289475	334025714.303376
212096486.272217	335233039.004366
210014112.294058	336427888.345204
207923811.073533	337610208.135949
205825654.716611	338779944.548740
203719715.715592	339937044.120759
201606066.947982	341081453.757201
199484781.675341	342213120.734256
197355933.542108	343331992.702093
195219596.574407	344438017.687858
193075845.178823	345531144.098675
190924754.141153	346611320.724662
188766398.625139	347678496.741944
186600854.171170	348732621.715685
184428196.694958	349773645.603116
182248502.486193	350801518.756579
180061848.207171	351816191.926574
177868310.891392	352817616.264809
175667967.942138	353805743.327265
173460897.131020	354780525.077261
171247176.596497	355741913.888524
169026884.842376	356689862.548272
166800100.736274	357624324.260291
164566903.508060	358545252.648031
162327372.748269	359452601.757695
160081588.406480	360346326.061344
157829630.789679	361226380.459992
155571580.560583	362092720.286723
153307518.735937	362945301.309799
151037526.684789	363784079.735775
148761686.126722	364609012.212624
146480079.130076	365420055.832854
144192788.110121	366217168.136641
141899895.827212	367000307.114952
139601485.384911	367769431.212682
137297640.228076	368524499.331787
134988444.140926	369265470.834418
132673981.245066	369992305.546063
130354335.997490	370704963.758684
128029593.188545	371403406.233858
125699837.939872	372087594.205921
123365155.702304	372757489.385106
121025632.253748	373413053.960692
118681353.697015	374054250.604140
116332406.457639	374681042.472239
113978877.281644	375293393.210247
111620853.233294	375891266.955031
109258421.692798	376474628.338208
106891670.353992	377043442.489279
104520687.221980	377597675.038769
102145560.610745	378137292.121357
99766379.140725	378662260.379007
97383231.736360	379172546.964097
94996207.623595	379668119.542542
92605396.327358	380148946.296916
90210887.669001	380614995.929566
87812771.763704	381066237.665724
85411139.017846	381502641.256616
83006080.126341	381924176.982560
80597686.069940	382330815.656066
78186048.112496	382722528.624923
75771257.798195	383099287.775284
73353406.948748	383461065.534741
70932587.660552	383807834.875396
68508892.301816	384139569.316924
66082413.509642	384456242.929622
63653244.187082	384757830.337459
61221477.500147	385044306.721110
58787206.874791	385315647.820983
56350525.993850	385571829.940239
53911528.793947	385812829.947794
51470309.462362	386038625.281321
49026962.433862	386249193.950232
46581582.387498	386444514.538652
44134264.243361	386624566.208384
41685103.159300	386789328.701853
39234194.527613	386938782.345051
36781633.971684	387072908.050451
34327517.342599	387191687.319923
31871940.715712	387295102.247627
29415000.387180	387383135.522895
26956792.870460	387455770.433094
24497414.892768	387512990.866478
22036963.391497	387554781.315018
19575535.510602	387581126.877225
17113228.596943	387592013.260942
14650140.196595	387587426.786133
12186368.051116	387567354.387641
9722010.093777	387531783.617937
7257164.445760	387480702.649845
4791929.412309	387414100.279247
2326403.478850	387331965.927770
-139314.692929	387234289.645451
-2605126.269034	387121062.113384
-5070932.247165	386992274.646336
-7536633.460746	386847919.195354
-10002130.582997	386687988.350339
-12467324.131045	386512475.342599
-14932114.470067	386321374.047381
-17396401.817479	386114678.986378
-19860086.247153	385892385.330206
-22323067.693682	385654488.900861
-24785245.956673	385400986.174151
-27246520.705080	385131874.282095
-29706791.481582	384847151.015301
-32165957.706984	384546814.825310
-34623918.684669	384230864.826924
-37080573.605077	383899300.800489
-39535821.550225	383552123.194160
-41989561.498267	383189333.126132
-44441692.328079	382810932.386844
-46892112.823896	382416923.441147
-49340721.679974	382007309.430442
-51787417.505290	381582094.174790
-54232098.828284	381141282.174985
-56674664.101625	380684878.614594
-59115011.707026	380212889.361964
-61553039.960088	379725320.972197
-63988647.115172	379222180.689088
-66421731.370321	378703476.447024
-68852190.872206	378169216.872854
-71279923.721106	377619411.287717
-73704827.975930	377054069.708838
-76126801.659266	376473202.851277
-78545742.762466	375876822.129654
-80961549.250764	375264939.659817
-83374119.068431	374637568.260490
-85783350.143954	373994721.454867
-88189140.395258	373336413.472168
-90591387.734951	372662659.249161
-92989990.075610	371973474.431633
-95384845.335091	371268875.375828
-97775851.441871	370548879.149830
-100162906.340430	369813503.534919
-102545907.996649	369062767.026866
-104924754.403252	368296688.837197
-107299343.585267	367515288.894405
-109669573.605527	366718587.845120
-112035342.570187	365906607.055230
-114396548.634285	365079368.610954
-116753090.007319	364236895.319878
-119104864.958856	363379210.711928
-121451771.824172	362506339.040309
-123793709.009912	361618305.282385
-126130574.999782	360715135.140517
-128462268.360268	359796855.042844
-130788687.746373	358863492.144025
-133109731.907390	357915074.325915
-135425299.692689	356951630.198203
-137735290.057536	355973189.098992
-140039602.068932	354979781.095328
-142338134.911477	353971436.983674
-144630787.893255	352948188.290337
-146917460.451741	351910067.271830
-149198052.159732	350857106.915195
-151472462.731298	349789340.938258
-153740592.027751	348706803.789835
-156002340.063637	347609530.649879
-158257607.012747	346497557.429579
-160506293.214142	345370920.771390
-162748299.178209	344229658.049018
-164983525.592714	343073807.367337
-167211873.328895	341903407.562258
-169433243.447552	340718498.200534
-171647537.205165	339519119.579503
-173854656.060020	338305312.726782
-176054501.678354	337077119.399894
-178246975.940512	335834582.085833
-180431980.947117	334577744.000580
-182609419.025251	333306649.088542
-184779192.734650	332021342.021947
-186941204.873910	330721868.200162
-189095358.486703	329408273.748962
-191241556.867999	328080605.519731
-193379703.570304	326738911.088595
-195509702.409901	325383238.755508
-197631457.473099	324013637.543256
-199744873.122490	322630157.196413
-201849854.003213	321232848.180223
-203946305.049221	319821761.679423
-206034131.489551	318396949.597004
-208113238.854605	316958464.552898
-210183532.982426	315506359.882612
-212244920.024977	314040689.635787
-214297306.454431	312561508.574698
-216340599.069445	311068872.172687
-218374705.001451	309562836.612529
-220399531.720933	308043458.784729
-222414987.043710	306510796.285762
-224420979.137212	304964907.416239
-226417416.526756	303405851.179006
-228404208.101814	301833687.277183
-230381263.122280	300248476.112128
-232348491.224725	298650278.781340
-234305802.428656	297039157.076292
-236253107.142752	295415173.480199
-238190316.171108	293778391.165717
-240117340.719455	292128873.992570
-242034092.401382	290466686.505121
-243940483.244539	288791893.929865
-245836425.696828	287104562.172857
-247721832.632588	285404757.817078
-249596617.358761	283692548.119721
-251460693.621042	281968001.009423
-253313975.610018	280231185.083421
-255156377.967290	278482169.604641
-256987815.791574	276721024.498722
-258808204.644786	274947820.350971
-260617460.558112	273162628.403246
-262415500.038051	271365520.550784
-264202240.072442	269556569.338945
-265977598.136468	267735847.959899
-267741492.198638	265903430.249246
-269493840.726744	264059390.682564
-271234562.693796	262203804.371890
-272963577.583928	260336747.062139
-274680805.398282	258458295.127454
-276386166.660865	256568525.567485
-278079582.424371	254667516.003608
-279760974.275982	252755344.675077
-281430264.343139	250832090.435102
-283087375.299274	248897832.746872
-284732230.369522	246952651.679508
-286364753.336389	244996627.903947
-287984868.545399	243029842.688769
-289592500.910694	241052377.895949
-291187575.920607	239064315.976557
-292770019.643197	237065739.966381
-294339758.731749	235056733.481496
-295896720.430230	233037380.713765
-297440832.578712	231007766.426277
-298972023.618755	228967975.948726
-300490222.598749	226918095.172719
-301995359.179209	224858210.547034
-303487363.638040	222788409.072808
-304966166.875744	220708778.298663
-306431700.420600	218619406.315779
-307883896.433780	216520381.752901
-309322687.714440	214411793.771285
-310748007.704744	212293732.059590
-312159790.494858	210166286.828707
-313557970.827887	208029548.806532
-314942484.104761	205883609.232681
-316313266.389083	203728559.853144
-317670254.411909	201564492.914888
-319013385.576493	199391501.160402
-320342597.962970	197209677.822184
-321657830.332992	195019116.617176
-322959022.134302	192819911.741143
-324246113.505264	190612157.862999
-325519045.279330	188395950.119080
-326777758.989453	186171384.107365
-328022196.872446	183938555.881642
-329252301.873281	181697561.945627
-330468017.649327	179448499.247031
-331669288.574536	177191465.171576
-332856059.743563	174926557.536965
-334028276.975829	172653874.586798
-335185886.819521	170373514.984448
-336328836.555535	168085577.806884
-337457074.201345	165790162.538447
-338570548.514827	163487369.064590
-339669208.998002	161177297.665562
-340753005.900721	158860049.010054
-341821890.224294	156535724.148800
-342875813.725034	154204424.508140
-343914728.917757	151866251.883534
-344938589.079195	149521308.433042
-345947348.251356	147169696.670762
-346940961.244810	144811519.460225
-347919383.641908	142446880.007763
-348882571.799930	140075881.855825
-349830482.854165	137698628.876267
-350763074.720921	135315225.263606
-351680306.100466	132925775.528233
-352582136.479893	130530384.489598
-353468526.135921	128129157.269359
-354339436.137615	125722199.284504
-355194828.349040	123309616.240435
-356034665.431841	120891514.124027
-356858910.847750	118467999.196656
-357667528.861015	116039177.987197
-358460484.540761	113605157.285003
-359237743.763272	111166044.132843
-359999273.214201	108721945.819831
-360745040.390705	106272969.874319
-361475013.603500	103819224.056770
-362189161.978846	101360816.352611
-362887455.460451	98897854.965060
-363569864.811302	96430448.307940
-364236361.615421	93958704.998463
-364886918.279534	91482733.850005
-365521508.034677	89002643.864858
-366140104.937714	86518544.226969
-366742683.872782	84030544.294658
-367329220.552656	81538753.593331
-367899691.520036	79043281.808168
-368454074.148762	76544238.776810
-368992346.644939	74041734.482026
-369514488.047994	71535879.044370
-370020478.231649	69026782.714840
-370510297.904818	66514555.867509
-370983928.612423	63999308.992169
-371441352.736130	61481152.686953
-371882553.495015	58960197.650961
-372307514.946136	56436554.676880
-372716221.985040	53910334.643595
-373108660.346185	51381648.508808
-373484816.603280	48850607.301646
-373844678.169553	46317322.115276
-374188233.297936	43781904.099515
-374515471.081171	41244464.453448
-374826381.451838	38705114.418043
-375120955.182306	36163965.268774
-375399183.884602	33621128.308250
-375661060.010204	31076714.858843
-375906576.849756	28530836.255331
-376135728.532705	25983603.837544
-376348510.026853	23435128.943023
-376544917.137846	20885522.899683
-376724946.508569	18334897.018493
-376888595.618476	15783362.586168
-377035862.782834	13231030.857865
-377166747.151900	10678013.049904
-377281248.710007	8124420.332503
-377379368.274590	5570363.822516
-377461107.495122	3015954.576207
-377526468.851982	461303.582025
-377575455.655249	-2093478.246589
-377608072.043410	-4648280.078386
-377624322.982007	-7202991.171466
-377624214.262200	-9757500.880412
-377607752.499260	-12311698.663410
-377574945.130984	-14865474.089333
-377525800.416045	-17418716.844812
-377460327.432260	-19971316.741276
-377378536.074792	-22523163.721964
-377280437.054275	-25074147.868919
-377166041.894872	-27624159.409937
-377035362.932256	-30173088.725509
-376888413.311530	-32720826.355712
-376725206.985064	-35267263.007088
-376545758.710276	-37812289.559474
-376350084.047331	-40355797.072815
-376138199.356781	-42897676.793933
-375910121.797132	-45437820.163268
-375665869.322345	-47976118.821582
-375405460.679270	-50512464.616627
-375128915.405012	-53046749.609779
-374836253.824235	-55578866.082629
-374527497.046397	-58108706.543544
-374202666.962920	-60636163.734185
-373861786.244302	-63161130.635983
-373504878.337154	-65683500.476579
-373131967.461191	-68203166.736224
-372743078.606144	-70720023.154129
-372338237.528619	-73233963.734786
-371917470.748898	-75744882.754232
-371480805.547672	-78252674.766278
-371028269.962720	-80757234.608692
-370559892.785527	-83258457.409334
-370075703.557847	-85756238.592251
-369575732.568202	-88250473.883715
-369060010.848335	-90741059.318228
-368528570.169593	-93227891.244468
-367981443.039269	-95710866.331192
-367418662.696881	-98189881.573091
-366840263.110397	-100664834.296587
-366246278.972414	-103135622.165596
-365636745.696275	-105602143.187224
-365011699.412143	-108064295.717423
-364371176.963022	-110521978.466587
-363715215.900723	-112975090.505106
-363043854.481788	-115423531.268859
-362357131.663361	-117867200.564656
-361655087.099014	-120305998.575628
-360937761.134527	-122739825.866562
-360205194.803614	-125168583.389180
-359457429.823616	-127592172.487370
-358694508.591144	-130010494.902349
-357916474.177671	-132423452.777783
-357123370.325098	-134830948.664844
-356315241.441258	-137232885.527212
-355492132.595401	-139629166.746018
-354654089.513615	-142019696.124736
-353801158.574227	-144404377.894011
-352933386.803158	-146783116.716432
-352050821.869235	-149155817.691245
-351153512.079475	-151522386.359010
-350241506.374327	-153882728.706198
-349314854.322883	-156236751.169729
-348373606.118049	-158584360.641448
-347417812.571686	-160925464.472549
-346447525.109721	-163259970.477928
-345462795.767216	-165587786.940488
-344463677.183420	-167908822.615371
-343450222.596776	-170222986.734145
-342422485.839913	-172530189.008914
-341380521.334596	-174830339.636378
-340324384.086656	-177123349.301831
-339254129.680893	-179409129.183090
-338169814.275950	-181687590.954376
-337071494.599163	-183958646.790121
-335959227.941385	-186222209.368721
-334833072.151792	-188478191.876224
-333693085.632656	-190726508.009957
-332539327.334108	-192967071.982096
-331371856.748871	-195199798.523165
-330190733.906974	-197424602.885481
-328996019.370453	-199641400.846534
-327787774.228022	-201850108.712306
-326566060.089739	-204050643.320525
-325330939.081643	-206242922.043865
-324082473.840386	-208426862.793073
-322820727.507837	-210602384.020044
-321545763.725683	-212769404.720829
-320257646.630012	-214927844.438583
-318956440.845876	-217077623.266451
-317642211.481855	-219218661.850391
-316315024.124598	-221350881.391936
-314974944.833362	-223474203.650898
-313622040.134531	-225588550.948006
-312256377.016135	-227693846.167485
-310878022.922359	-229790012.759572
-309487045.748039	-231876974.742975
-308083513.833157	-233954656.707266
-306667495.957325	-236022983.815219
-305239061.334270	-238081881.805080
-303798279.606308	-240131276.992786
-302345220.838817	-242171096.274114
-300879955.514705	-244201267.126778
-299402554.528882	-246221717.612464
-297913089.182718	-248232376.378801
-296411631.178512	-250233172.661276
-294898252.613955	-252224036.285097
-293373025.976591	-254204897.666979
-291836024.138286	-256175687.816893
-290287320.349696	-258136338.339739
-288726988.234728	-260086781.436972
-287155101.785023	-262026949.908163
-285571735.354422	-263956777.152508
-283976963.653456	-265876197.170277
-282370861.743822	-267785144.564203
-280753505.032881	-269683554.540823
-279124969.268152	-271571362.911752
-277485330.531816	-273448506.094909
-275834665.235229	-275314921.115683
-274173050.113443	-277170545.608046
-272500562.219731	-279015317.815607
-270817278.920128	-280849176.592620
-269123277.887978	-282672061.404924
-267418637.098491	-284483912.330841
-265703434.823316	-286284670.062016
-263977749.625117	-288074275.904203
-262241660.352171	-289852671.777998
-260495246.132972	-291619800.219519
-258738586.370850	-293375604.381038
-256971760.738605	-295120028.031555
-255194849.173153	-296853015.557327
-253407931.870191	-298574511.962338
-251611089.278872	-300284462.868729
-249804402.096499	-301982814.517167
-247987951.263237	-303669513.767170
-246161817.956838	-305344508.097384
-244326083.587384	-307007745.605807
-242480829.792054	-308659175.009968
-240626138.429895	-310298745.647052
-238762091.576630	-311926407.473988
-236888771.519471	-313542111.067478
-235006260.751957	-315145807.623988
-233114641.968813	-316737448.959686
-231213998.060826	-318316987.510342
-229304412.109745	-319884376.331173
-227385967.383200	-321439569.096652
-225458747.329645	-322982520.100266
-223522835.573321	-324513184.254233
-221578315.909239	-326031517.089175
-219625272.298195	-327537474.753749
-217663788.861794	-329031014.014232
-215693949.877513	-330512092.254067
-213715839.773773	-331980667.473364
-211729543.125048	-333436698.288364
-209735144.646988	-334880143.930862
-207732729.191575	-336310964.247581
-205722381.742299	-337729119.699520
-203704187.409359	-339134571.361251
-201678231.424897	-340527280.920181
-199644599.138245	-341907210.675783
-197603376.011214	-343274323.538771
-195554647.613394	-344628583.030261
-193498499.617494	-345969953.280871
-191435017.794701	-347298399.029807
-189364288.010066	-348613885.623893
-187286396.217925	-349916379.016582
-185201428.457339	-351205845.766921
-183109470.847570	-352482253.038484
-181010609.583576	-353745568.598276
-178904930.931543	-354995760.815597
-176792521.224442	-356232798.660873
-174673466.857615	-357456651.704464
-172547854.284387	-358667290.115422
-170415770.011717	-359864684.660239
-168277300.595865	-361048806.701544
-166132532.638100	-362219628.196782
-163981552.780429	-363377121.696857
-161824447.701363	-364521260.344751
-159661304.111711	-365652017.874101
-157492208.750397	-366769368.607767
-155317248.380321	-367873287.456351
-153136509.784237	-368963749.916702
-150950079.760670	-370040732.070389
-148758045.119862	-371104210.582148
-146560492.679744	-372154162.698299
-144357509.261947	-373190566.245143
-142149181.687837	-374213399.627326
-139935596.774582	-375222641.826189
-137716841.331257	-376218272.398081
-135493002.154971	-377200271.472654
-133264166.027029	-378168619.751138
-131030419.709128	-379123298.504583
-128791849.939580	-380064289.572089
-126548543.429571	-380991575.359003
-124300586.859445	-381905138.835106
-122048066.875025	-382804963.532766
-119791070.083968	-383691033.545080
-117529683.052142	-384563333.523992
-115263992.300042	-385421848.678386
-112994084.299238	-386266564.772170
-110720045.468850	-387097468.122328
-108441962.172058	-387914545.596967
-106159920.712645	-388717784.613332
-103874007.331565	-389507173.135813
-101584308.203552	-390282699.673929
-99290909.433752	-391044353.280299
-96993897.054394	-391792123.548592
-94693357.021485	-392526000.611463
-92389375.211544	-393245975.138475
-90082037.418364	-393952038.333999
-87771429.349802	-394644181.935108
-85457636.624611	-395322398.209450
-83140744.769287	-395986679.953107
-80820839.214967	-396637020.488442
-78498005.294341	-397273413.661936
-76172328.238606	-397895853.842001
-73843893.174447	-398504335.916792
-71512785.121048	-399098855.292001
-69179088.987140	-399679407.888640
-66842889.568072	-400245990.140812
-64504271.542917	-400798598.993469
-62163319.471612	-401337231.900166
-59820117.792122	-401861886.820796
-57474750.817640	-402372562.219321
-55127302.733812	-402869257.061489
-52777857.596001	-403351970.812545
-50426499.326575	-403820703.434930
-48073311.712223	-404275455.385976
-45718378.401309	-404716227.615584
-43361782.901250	-405143021.563905
-41003608.575927	-405555839.159006
-38643938.643121	-405954682.814526
-36282856.171988	-406339555.427338
-33920444.080553	-406710460.375186
-31556785.133242	-407067401.514333
-29191961.938435	-407410383.177190
-26826056.946058	-407739410.169950
-24459152.445195	-408054487.770202
-22091330.561735	-408355621.724560
-19722673.256046	-408642818.246267
-17353262.320676	-408916084.012808
-14983179.378081	-409175426.163513
-12612505.878392	-409420852.297158
-10241323.097196	-409652370.469561
-7869712.133350	-409869989.191175
-5497753.906833	-410073717.424681
-3125529.156609	-410263564.582572
-753118.438527	-410439540.524737
1619397.876748	-410601655.556050
3991939.605787	-410749920.423944
6364426.754412	-410884346.315993
8736779.519692	-411004944.857489
11108918.291906	-411111728.109019
13480763.656483	-411204708.564036
15852236.395913	-411283899.146442
18223257.491634	-411349313.208154
20593748.125893	-411400964.526682
22963629.683579	-411438867.302701
25332823.754029	-411463036.157625
27701252.132814	-411473486.131187
30068836.823495	-411470232.679004
32435500.039351	-411453291.670165
34801164.205094	-411422679.384796
37165751.958540	-411378412.511652
39529186.152275	-411320508.145685
41891389.855284	-411248983.785636
44252286.354557	-411163857.331611
46611799.156677	-411065147.082674
48969851.989374	-410952871.734433
51326368.803070	-410827050.376628
53681273.772381	-410687702.490732
56034491.297614	-410534847.947542
58385946.006226	-410368507.004783
60735562.754274	-410188700.304710
63083266.627827	-409995448.871714
65428982.944368	-409788774.109937
67772637.254166	-409568697.800882
70114155.341629	-409335242.101034
72453463.226632	-409088429.539483
74790487.165829	-408828283.015551
77125153.653935	-408554825.796424
79457389.424990	-408268081.514790
81787121.453608	-407968074.166477
84114276.956192	-407654828.108104
86438783.392139	-407328368.054728
88760568.465020	-406988719.077506
91079560.123736	-406635906.601351
93395686.563662	-406269956.402608
95708876.227762	-405890894.606719
98019057.807689	-405498747.685911
100326160.244865	-405093542.456874
102630112.731538	-404675306.078459
104930844.711823	-404244066.049370
107228285.882722	-403799850.205874
109522366.195126	-403342686.719507
111813015.854796	-402872604.094794
114100165.323329	-402389631.166973
116383745.319101	-401893797.099724
118663686.818193	-401385131.382908
120939921.055302	-400863663.830313
123212379.524631	-400329424.577402
125480993.980762	-399782444.079078
127745696.439511	-399222753.107445
130006419.178763	-398650382.749586
132263094.739300	-398065364.405342
134515655.925596	-397467729.785101
136764035.806611	-396857510.907597
139008167.716556	-396234740.097713
141247985.255650	-395599449.984293
143483422.290856	-394951673.497963
145714412.956603	-394291443.868961
147940891.655489	-393618794.624971
150162793.058976	-392933759.588966
152380052.108057	-392236372.877069
154592604.013923	-391526668.896404
156800384.258597	-390804682.342972
159003328.595571	-390070448.199529
161201373.050416	-389324001.733469
163394453.921381	-388565378.494722
165582507.779978	-387794614.313656
167765471.471553	-387011745.298993
169943282.115842	-386216807.835725
172115877.107511	-385409838.583047
174283194.116689	-384590874.472295
176445171.089480	-383759952.704896
178601746.248464	-382917110.750320
180752858.093188	-382062386.344048
182898445.400637	-381195817.485549
185038447.225703	-380317442.436260
187172802.901626	-379427299.717577
189301452.040438	-378525428.108864
191424334.533387	-377611866.645458
193541390.551345	-376686654.616688
195652560.545213	-375749831.563911
197757785.246307	-374801437.278545
199857005.666735	-373841511.800116
201950163.099764	-372870095.414322
204037199.120174	-371887228.651090
206118055.584596	-370892952.282661
208192674.631850	-369887307.321669
210260998.683262	-368870335.019237
212322970.442974	-367842076.863080
214378532.898243	-366802574.575622
216427629.319735	-365751870.112116
218470203.261794	-364690005.658773
220506198.562721	-363617023.630910
222535559.345024	-362532966.671097
224558230.015672	-361437877.647317
226574155.266333	-360331799.651138
228583280.073603	-359214775.995891
230585549.699224	-358086850.214860
232580909.690300	-356948066.059478
234569305.879495	-355798467.497538
236550684.385228	-354638098.711406
238524991.611856	-353467004.096251
240492174.249851	-352285228.258281
242452179.275965	-351092816.012986
244404953.953392	-349889812.383395
246350445.831917	-348676262.598341
248288602.748057	-347452212.090731
250219372.825199	-346217706.495835
252142704.473725	-344972791.649573
254058546.391130	-343717513.586821
255966847.562138	-342451918.539720
257867557.258802	-341176052.935996
259760625.040605	-339889963.397296
261646000.754545	-338593696.737518
263523634.535224	-337287299.961167
265393476.804921	-335970820.261711
267255478.273662	-334644305.019946
269109589.939285	-333307801.802374
270955763.087494	-331961358.359591
272793949.291909	-330605022.624677
274624100.414114	-329238842.711603
276446168.603691	-327862866.913646
278260106.298254	-326477143.701806
280065866.223475	-325081721.723240
281863401.393106	-323676649.799706
283652665.108991	-322261976.926005
285433610.961077	-320837752.268446
287206192.827421	-319404025.163308
288970364.874182	-317960845.115322
290726081.555625	-316508261.796151
292473297.614099	-315046325.042886
294211968.080031	-313575084.856550
295942048.271897	-312094591.400607
297663493.796203	-310604894.999487
299376260.547451	-309106046.137109
301080304.708106	-307598095.455423
302775582.748558	-306081093.752954
304462051.427079	-304555091.983361
306139667.789775	-303020141.253996
307808389.170535	-301476292.824478
309468173.190978	-299923598.105274
311118977.760393	-298362108.656287
312760761.075676	-296791876.185454
314393481.621266	-295212952.547354
316017098.169073	-293625389.741817
317631569.778409	-292029239.912550
319236855.795906	-290424555.345767
320832915.855444	-288811388.468827
322419709.878062	-287189791.848881
323997198.071877	-285559818.191530
325565340.931995	-283921520.339480
327124099.240416	-282274951.271223
328673434.065948	-280620164.099707
330213306.764102	-278957212.071029
331743678.976997	-277286148.563127
333264512.633262	-275607027.084481
334775769.947925	-273919901.272827
336277413.422311	-272224824.893869
337769405.843936	-270521851.840012
339251710.286391	-268811036.129087
340724290.109235	-267092431.903097
342187108.957876	-265366093.426964
343640130.763459	-263632075.087282
345083319.742746	-261890431.391082
346516640.397996	-260141216.964602
347940057.516845	-258384486.552063
349353536.172182	-256620295.014454
350757041.722026	-254848697.328325
352150539.809401	-253069748.584585
353533996.362207	-251283503.987305
354907377.593093	-249490018.852537
356270649.999327	-247689348.607127
357623780.362669	-245881548.787545
358966735.749235	-244066675.038720
360299483.509367	-242244783.112875
361621991.277502	-240415928.868380
362934226.972032	-238580168.268599
364236158.795178	-236737557.380755
365527755.232846	-234888152.374796
366808985.054498	-233032009.522265
368079817.313011	-231169185.195181
369340221.344543	-229299735.864925
370590166.768395	-227423718.101135
371829623.486871	-225541188.570596
373058561.685146	-223652204.036154
374276951.831121	-221756821.355618
375484764.675290	-219855097.480684
376681971.250599	-217947089.455852
377868542.872309	-216032854.417356
379044451.137859	-214112449.592099
380209667.926723	-212185932.296594
381364165.400278	-210253359.935906
382507916.001661	-208314790.002606
383640892.455638	-206370280.075730
384763067.768458	-204419887.819737
385874415.227723	-202463670.983480
386974908.402251	-200501687.399179
388064521.141935	-198533994.981399
389143227.577614	-196560651.726036
390211002.120934	-194581715.709302
391267819.464215	-192597245.086727
392313654.580317	-190607298.092150
393348482.722507	-188611933.036729
394372279.424331	-186611208.307950
395385020.499473	-184605182.368640
396386682.041637	-182593913.755986
397377240.424407	-180577461.080562
398356672.301124	-178555883.025354
399324954.604759	-176529238.344797
400282064.547780	-174497585.863811
401227979.622037	-172460984.476843
402162677.598626	-170419493.146915
403086136.527776	-168373170.904678
403998334.738720	-166322076.847461
404899250.839579	-164266270.138338
405788863.717237	-162205810.005188
406667152.537231	-160140755.739765
407534096.743624	-158071166.696770
408389676.058899	-155997102.292927
409233870.483840	-153918622.006065
410066660.297418	-151835785.374197
410888026.056685	-149748651.994616
411697948.596660	-147657281.522980
412496409.030224	-145561733.672411
413283388.748011	-143462068.212590
414058869.418305	-141358344.968867
414822832.986935	-139250623.821358
415575261.677177	-137138964.704060
416316137.989650	-135023427.603964
417045444.702220	-132904072.560166
417763164.869905	-130780959.662993
418469281.824776	-128654149.053118
419163779.175870	-126523700.920694
419846640.809096	-124389675.504473
420517850.887146	-122252133.090946
421177393.849407	-120111134.013471
421825254.411879	-117966738.651413
422461417.567088	-115819007.429283
423085868.584008	-113668000.815881
423698593.007979	-111513779.323441
424299576.660632	-109356403.506777
424888805.639809	-107195933.962436
425466266.319497	-105032431.327848
426031945.349750	-102865956.280484
426585829.656624	-100696569.537008
427127906.442108	-98524331.852440
427658163.184060	-96349304.019320
428176587.636142	-94171546.866864
428683167.827764	-91991121.260137
429177892.064018	-89808088.099217
429660748.925631	-87622508.318365
430131727.268900	-85434442.885196
430590816.225652	-83243952.799852
431038005.203183	-81051099.094179
431473283.884216	-78855942.830899
431896642.226859	-76658545.102791
432308070.464552	-74458967.031869
432707559.106037	-72257269.768564
433095098.935311	-70053514.490905
433470681.011594	-67847762.403702
433834296.669295	-65640074.737732
434185937.517979	-63430512.748924
434525595.442337	-61219137.717546
434853262.602160	-59006010.947392
435168931.432313	-56791193.764972
435472594.642714	-54574747.518701
435764245.218314	-52356733.578090
436043876.419075	-50137213.332938
436311481.779961	-47916248.192521
436567055.110918	-45693899.584788
436810590.496869	-43470228.955552
437042082.297700	-41245297.767686
437261525.148258	-39019167.500314
437468913.958345	-36791899.648008
437664243.912716	-34563555.719980
437847510.471081	-32334197.239282
438018709.368107	-30103885.741993
438177836.613425	-27872682.776424
438324888.491634	-25640649.902306
438459861.562316	-23407848.689986
438582752.660044	-21174340.719628
438693558.894400	-18940187.580401
438792277.649987	-16705450.869675
438878906.586455	-14470192.192221
438953443.638517	-12234473.159397
439015887.015976	-9998355.388350
439066235.203748	-7761900.501201
439104486.961893	-5525170.124244
439130641.325646	-3288225.887136
439144697.605447	-1051129.422087
439146655.386977	1186057.636949
439136514.531199	3423273.655081
439114275.174392	5660456.997296
439079937.728195	7897546.029270
439033502.879653	10134479.118179
438974971.591261	12371194.633516
438904345.101011	14607630.947904
438821624.922446	16843726.437913
438726812.844710	19079419.484879
438619910.932604	21314648.475720
438500921.526641	23549351.803758
438369847.243106	25783467.869543
438226690.974119	28016935.081673
438071455.887695	30249691.857618
437904145.427811	32481676.624553
437724763.314471	34712827.820178
437533313.543778	36943083.893554
437329800.388002	39172383.305930
437114228.395656	41400664.531583
436886602.391570	43627866.058647
436646927.476966	45853926.389955
436395209.029540	48078784.043877
436131452.703538	50302377.555163
435855664.429846	52524645.475786
435567850.416066	54745526.375787
435268017.146608	56964958.844130
434956171.382774	59182881.489543
434632320.162852	61399232.941381
434296470.802203	63613951.850477
433948630.893357	65826976.890001
433588808.306104	68038246.756324
433217011.187597	70247700.169878
432833247.962444	72455275.876025
432437527.332807	74660912.645928
432029858.278509	76864549.277418
431610250.057132	79066124.595878
431178712.204121	81265577.455111
430735254.532891	83462846.738231
430279887.134935	85657871.358540
429812620.379927	87850590.260422
429333464.915839	90040942.420229
428842431.669048	92228866.847177
428339531.844445	94414302.584244
427824776.925556	96597188.709073
427298178.674650	98777464.334871
426759749.132858	100955068.611322
426209500.620289	103129940.725498
425647445.736149	105302019.902770
425073597.358859	107471245.407734
424487968.646175	109637556.545128
423890573.035309	111800892.660761
423281424.243052	113961193.142443
422660536.265895	116118397.420920
422027923.380155	118272444.970811
421383600.142097	120423275.311553
420727581.388060	122570828.008344
420059882.234585	124715042.673098
419380518.078538	126855858.965396
418689504.597239	128993216.593448
417986857.748589	131127055.315055
417272593.771201	133257314.938579
416546729.184523	135383935.323911
415809280.788972	137506856.383455
415060265.666062	139626018.083102
414299701.178535	141741360.443222
413527604.970486	143852823.539652
412743994.967501	145960347.504690
411948889.376779	148063872.528100
411142306.687270	150163338.858112
410324265.669802	152258686.802436
409494785.377210	154349856.729274
408653885.144470	156436789.068340
407801584.588827	158519424.311889
406937903.609926	160597703.015742
406062862.389942	162671565.800322
405176481.393708	164740953.351698
404278781.368849	166805806.422627
403369783.345904	168866065.833605
402449508.638461	170921672.473926
401517978.843281	172972567.302739
400575215.840426	175018691.350120
399621241.793387	177059985.718143
398656079.149209	179096391.581955
397679750.638615	181127850.190863
396692279.276132	183154302.869422
395693688.360215	185175691.018532
394684001.473366	187191956.116535
393663242.482262	189203039.720324
392631435.537865	191208883.466454
391588605.075552	193209429.072263
390534775.815226	195204618.336991
389469972.761434	197194393.142916
388394221.203484	199178695.456484
387307546.715554	201157467.329455
386209975.156811	203130650.900051
385101532.671516	205098188.394108
383982245.689135	207060022.126239
382852140.924444	209016094.500998
381711245.377638	210966348.014055
380559586.334431	212910725.253376
379397191.366159	214849168.900404
378224088.329879	216781621.731256
377040305.368465	218708026.617919
375845870.910703	220628326.529454
374640813.671387	222542464.533209
373425162.651405	224450383.796036
372198947.137827	226352027.585516
370962196.703994	228247339.271186
369714941.209596	230136262.325785
368457210.800756	232018740.326489
367189035.910103	233894716.956168
365910447.256850	235764136.004642
364621475.846861	237626941.369943
363322152.972723	239483077.059590
362012510.213810	241332487.191867
360692579.436344	243175115.997105
359362392.793454	245010907.818975
358021982.725229	246839807.115788
356671381.958774	248661758.461800
355310623.508254	250476706.548526
353939740.674939	252284596.186056
352558767.047246	254085372.304387
351167736.500776	255878979.954752
349766683.198343	257665364.310965
348355641.590007	259444470.670767
346934646.413094	261216244.457180
345503732.692222	262980631.219873
344062935.739312	264737576.636530
342612291.153599	266487026.514223
341151834.821644	268228926.790802
339681602.917332	269963223.536285
338201631.901868	271689862.954251
336711958.523776	273408791.383254
335212619.818880	275119955.298231
333703653.110290	276823301.311922
332185096.008380	278518776.176301
330656986.410757	280206326.784011
329119362.502231	281885900.169802
327572262.754775	283557443.511987
326015725.927482	285220904.133894
324449791.066511	286876229.505334
322874497.505039	288523367.244073
321289884.863190	290162265.117310
319695993.047976	291792871.043164
318092862.253218	293415133.092169
316480532.959468	295028999.488777
314859045.933920	296634418.612866
313228442.230323	298231339.001255
311588763.188877	299819709.349233
309940050.436127	301399478.512085
308282345.884852	302970595.506635
306615691.733946	304533009.512791
304940130.468290	306086669.875101
303255704.858617	307631526.104309
301562457.961372	309167527.878931
299860433.118566	310694625.046827
298149673.957615	312212767.626785
296430224.391180	313721905.810115
294702128.616997	315221989.962243
292965431.117693	316712970.624321
291220176.660603	318194798.514839
289466410.297573	319667424.531247
287704177.364756	321130799.751579
285933523.482404	322584875.436095
284154494.554641	324029603.028919
282367136.769243	325464934.159689
280571496.597392	326890820.645219
278767620.793435	328307214.491160
276955556.394626	329714067.893673
275135350.720865	331111333.241108
273307051.374419	332498963.115691
271470706.239646	333876910.295218
269626363.482697	335245127.754754
267774071.551214	336603568.668346
265913879.174024	337952186.410730
264045835.360812	339290934.559061
262169989.401792	340619766.894637
260286390.867363	341938637.404639
258395089.607761	343247500.283870
256496135.752693	344546309.936510
254589579.710967	345835020.977868
252675472.170108	347113588.236151
250753864.095963	348381966.754229
248824806.732296	349640111.791419
246888351.600375	350887978.825261
244944550.498538	352125523.553318
242993455.501764	353352701.894967
241035118.961215	354569469.993203
239069593.503779	355775784.216456
237096932.031594	356971601.160398
235117187.721567	358156877.649778
233130414.024873	359331570.740240
231136664.666448	360495637.720168
229135993.644468	361649036.112525
227128455.229813	362791723.676701
225114103.965525	363923658.410368
223092994.666245	365044798.551342
221065182.417645	366155102.579448
219030722.575840	367254529.218392
216989670.766795	368343037.437643
214942082.885708	369420586.454312
212888015.096394	370487135.735047
210827523.830640	371542644.997923
208760665.787558	372587074.214349
206687497.932920	373620383.610969
204608077.498477	374642533.671578
202522461.981271	375653485.139035
200430709.142921	376653199.017190
198332877.008910	377641636.572807
196229023.867844	378618759.337499
194119208.270702	379584529.109666
192003489.030075	380538907.956435
189881925.219384	381481858.215606
187754576.172082	382413342.497609
185621501.480854	383333323.687453
183482760.996780	384241764.946693
181338414.828505	385138629.715390
179188523.341378	386023881.714084
177033147.156580	386897484.945763
174872347.150241	387759403.697843
172706184.452532	388609602.544151
170534720.446751	389448046.346905
168358016.768382	390274700.258706
166176135.304150	391089529.724530
163989138.191045	391892500.483722
161797087.815347	392683578.571996
159600046.811614	393462730.323436
157398078.061674	394229922.372502
155191244.693582	394985121.656039
152979610.080573	395728295.415286
150763237.839989	396459411.197888
148542191.832195	397178436.859916
146316536.159473	397885340.567883
144086335.164900	398580090.800764
141851653.431211	399262656.352019
139612555.779635	399933006.331619
137369107.268729	400591110.168071
135121373.193177	401236937.610445
132869419.082579	401870458.730407
130613310.700226	402491643.924245
128353114.041845	403100463.914908
126088895.334334	403696889.754030
123820721.034478	404280892.823971
121548657.827642	404852444.839851
119272772.626448	405411517.851580
116993132.569430	405958084.245901
114709805.019676	406492116.748418
112422857.563444	407013588.425639
110132358.008761	407522472.687006
107838374.384004	408018743.286933
105540974.936457	408502374.326842
103240228.130858	408973340.257194
100936202.647912	409431615.879523
98628967.382795	409877176.348470
96318591.443635	410309997.173812
94005144.149970	410730054.222494
91688695.031190	411137323.720652
89369313.824956	411531782.255644
87047070.475598	411913406.778073
84722035.132495	412282174.603805
82394278.148433	412638063.415994
80063870.077941	412981051.267095
77730881.675606	413311116.580877
75395383.894374	413628238.154439
73057447.883817	413932395.160211
70717144.988390	414223567.147962
68374546.745663	414501734.046802
66029724.884533	414766876.167173
63682751.323407	415018974.202846
61333698.168379	415258009.232907
58982637.711369	415483962.723742
56629642.428251	415696816.531014
54274784.976956	415896552.901635
51918138.195551	416083154.475742
49559775.100303	416256604.288648
47199768.883713	416416885.772810
44838192.912530	416563982.759774
42475120.725751	416697879.482122
40110626.032587	416818560.575411
37744782.710415	416926011.080101
35377664.802704	417020216.443486
33009346.516921	417101162.521607
30639902.222414	417168835.581164
28269406.448273	417223222.301419
25897933.881166	417264309.776087
23525559.363155	417292085.515230
21152357.889493	417306537.447125
18778404.606391	417307653.920143
16403774.808765	417295423.704603
14028543.937968	417269835.994623
11652787.579486	417230880.409967
9276581.460625	417178546.997869
6900001.448162	417112826.234861
4523123.545987	417033709.028582
2146023.892711	416941186.719579
-231221.240740	416835251.083095
-2608535.453563	416715894.330852
-4985842.217528	416583109.112815
-7363064.879459	416436888.518949
-9740126.663735	416277226.080962
-12116950.674811	416104115.774037
-14493459.899766	415917552.018550
-16869577.210873	415717529.681780
-19245225.368186	415504044.079596
-21620327.022158	415277090.978141
-23994804.716276	415036666.595497
-26368580.889722	414782767.603335
-28741577.880051	414515391.128555
-31113717.925898	414234534.754908
-33484923.169707	413940196.524607
-35855115.660473	413632374.939915
-38224217.356521	413311068.964726
-40592150.128297	412976278.026128
-42958835.761185	412628002.015945
-45324195.958343	412266241.292270
-47688152.343566	411890996.680979
-50050626.464171	411502269.477221
-52411539.793897	411100061.446903
-54770813.735836	410684374.828149
-57128369.625379	410255212.332741
-59484128.733189	409812577.147550
-61838012.268192	409356472.935934
-64189941.380593	408886903.839136
-66539837.164908	408403874.477646
-68887620.663027	407907389.952551
-71233212.867287	407397455.846870
-73576534.723575	406874078.226856
-75917507.134447	406337263.643293
-78256050.962274	405787019.132762
-80592087.032401	405223352.218886
-82925536.136333	404646270.913562
-85256319.034940	404055783.718163
-87584356.461681	403451899.624724
-89909569.125850	402834628.117100
-92231877.715843	402203979.172109
-94551202.902443	401559963.260642
-96867465.342127	400902591.348765
-99180585.680393	400231874.898779
-101490484.555102	399547825.870274
-103797082.599849	398850456.721146
-106100300.447342	398139780.408597
-108400058.732810	397415810.390107
-110696278.097425	396678560.624385
-112988879.191744	395928045.572287
-115277782.679167	395164280.197718
-117562909.239420	394387279.968502
-119844179.572049	393597060.857229
-122121514.399938	392793639.342071
-124394834.472842	391977032.407578
-126664060.570935	391147257.545442
-128929113.508381	390304332.755234
-131189914.136923	389448276.545119
-133446383.349478	388579107.932533
-135698442.083763	387696846.444841
-137946011.325929	386801512.119963
-140189012.114214	385893125.506970
-142427365.542611	384971707.666654
-144660992.764554	384037280.172064
-146889814.996616	383089865.109020
-149113753.522226	382129485.076588
-151332729.695400	381156163.187530
-153546664.944485	380169923.068726
-155755480.775921	379170788.861558
-157959098.778013	378158785.222270
-160157440.624722	377133937.322293
-162350428.079463	376096270.848536
-164537982.998927	375045812.003655
-166720027.336904	373982587.506277
-168896483.148127	372906624.591202
-171067272.592125	371817951.009566
-173232317.937091	370716595.028976
-175391541.563759	369602585.433605
-177544865.969295	368475951.524266
-179692213.771199	367336723.118435
-181833507.711213	366184930.550256
-183968670.659250	365020604.670504
-186097625.617323	363843776.846516
-188220295.723490	362654478.962084
-190336604.255807	361452743.417318
-192446474.636290	360238603.128472
-194549830.434884	359012091.527734
-196646595.373448	357773242.562983
-198736693.329738	356522090.697503
-200820048.341405	355258670.909676
-202896584.609998	353983018.692618
-204966226.504977	352695170.053802
-207028898.567725	351395161.514624
-209084525.515577	350083030.109945
-211133032.245848	348758813.387591
-213174343.839868	347422549.407818
-215208385.567020	346074276.742740
-217235082.888791	344714034.475713
-219254361.462819	343341862.200694
-221266147.146945	341957800.021551
-223270366.003273	340561888.551340
-225266944.302230	339154168.911541
-227255808.526631	337734682.731264
-229236885.375742	336303472.146401
-231210101.769349	334860579.798759
-233175384.851829	333406048.835134
-235132661.996219	331939922.906366
-237081860.808285	330462246.166339
-239022909.130600	328973063.270948
-240955735.046610	327472419.377034
-242880266.884703	325960360.141264
-244796433.222284	324436931.718986
-246704162.889840	322902180.763038
-248603384.975008	321356154.422516
-250494028.826633	319798900.341509
-252376024.058838	318230466.657785
-254249300.555072	316650902.001443
-256113788.472172	315060255.493527
-257969418.244405	313458576.744596
-259816120.587519	311845915.853251
-261653826.502779	310222323.404629
-263482467.281002	308587850.468856
-265301974.506582	306942548.599453
-267112280.061519	305286469.831707
-268913316.129422	303619666.681002
-270705015.199525	301942192.141111
-272487310.070682	300254099.682440
-274260133.855356	298555443.250240
-276023419.983600	296846277.262775
-277777102.207033	295126656.609450
-279521114.602795	293396636.648901
-281255391.577506	291656273.207039
-282979867.871197	289905622.575059
-284694478.561249	288144741.507409
-286399159.066301	286373687.219712
-288093845.150163	284592517.386659
-289778472.925699	282801290.139850
-291452978.858714	281000064.065602
-293117299.771812	279188898.202716
-294771372.848250	277367852.040205
-296415135.635773	275536985.514977
-298048526.050431	273696359.009482
-299671482.380389	271846033.349325
-301283943.289709	269986069.800824
-302885847.822124	268116530.068546
-304477135.404792	266237476.292791
-306057745.852032	264348971.047043
-307627619.369040	262451077.335379
-309186696.555593	260543858.589841
-310734918.409720	258627378.667769
-312272226.331371	256701701.849093
-313798562.126052	254766892.833587
-315313868.008444	252823016.738089
-316818086.606003	250870139.093673
-318311160.962535	248908325.842799
-319793034.541749	246937643.336404
-321263651.230791	244958158.330974
-322722955.343748	242969937.985569
-324170891.625138	240973049.858813
-325607405.253364	238967561.905844
-327032441.844157	236953542.475235
-328445947.453981	234931060.305867
-329847868.583421	232900184.523776
-331238152.180543	230860984.638958
-332616745.644225	228813530.542139
-333983596.827463	226757892.501511
-335338654.040654	224694141.159429
-336681866.054839	222622347.529079
-338013182.104934	220542582.991104
-339332551.892917	218454919.290198
-340639925.590998	216359428.531672
-341935253.844748	214256183.177973
-343218487.776211	212145256.045181
-344489578.986973	210026720.299468
-345748479.561208	207900649.453521
-346995142.068690	205767117.362938
-348229519.567772	203626198.222591
-349451565.608334	201477966.562946
-350661234.234703	199322497.246370
-351858479.988528	197159865.463388
-353043257.911636	194990146.728924
-354215523.548841	192813416.878498
-355375232.950731	190629752.064405
-356522342.676407	188439228.751854
-357656809.796201	186241923.715082
-358778591.894348	184037914.033439
-359887647.071625	181827277.087445
-360983933.947957	179610090.554813
-362067411.664982	177386432.406448
-363138039.888583	175156380.902422
-364195778.811377	172920014.587915
-365240589.155175	170677412.289131
-366272432.173394	168428653.109189
-367291269.653441	166173816.423990
-368297063.919048	163912981.878053
-369289777.832574	161646229.380329
-370269374.797268	159373639.099993
-371235818.759491	157095291.462203
-372189074.210894	154811267.143849
-373129106.190564	152521647.069264
-374055880.287122	150226512.405922
-374969362.640783	147925944.560109
-375869519.945376	145620025.172576
-376756319.450320	143308836.114164
-377629728.962559	140992459.481419
-378489716.848455	138670977.592170
-379336252.035642	136344472.981106
-380169304.014829	134013028.395319
-380988842.841569	131676726.789833
-381794839.137983	129335651.323117
-382587264.094434	126989885.352576
-383366089.471167	124639512.430028
-384131287.599896	122284616.297159
-384882831.385359	119925280.880967
-385620694.306814	117561590.289190
-386344850.419503	115193628.805709
-387055274.356064	112821480.885951
-387751941.327900	110445231.152266
-388434827.126509	108064964.389297
-389103908.124757	105680765.539330
-389759161.278116	103292719.697638
-390400564.125852	100900912.107810
-391028094.792167	98505428.157066
-391641731.987300	96106353.371566
-392241455.008574	93703773.411702
-392827243.741404	91297774.067386
-393399078.660258	88888441.253324
-393956940.829565	86475861.004286
-394500811.904587	84060119.470359
-395030674.132237	81641302.912203
-395546510.351852	79219497.696292
-396048303.995924	76794790.290150
-396536039.090772	74367267.257580
-397009700.257188	71937015.253893
-397469272.711011	69504121.021123
-397914742.263677	67068671.383247
-398346095.322707	64630753.241389
-398763318.892155	62190453.569035
-399166400.573003	59747859.407233
-399555328.563522	57303057.859797
-399930091.659568	54856136.088509
-400290679.254846	52407181.308317
-400637081.341117	49956280.782534
-400969288.508366	47503521.818038
-401287291.944919	45048991.760471
-401591083.437510	42592777.989438
-401880655.371307	40134967.913714
-402156000.729888	37675648.966442
-402417113.095172	35214908.600344
-402663986.647301	32752834.282930
-402896616.164476	30289513.491715
-403114997.022746	27825033.709432
-403319125.195757	25359482.419260
-403508997.254442	22892947.100053
-403684610.366673	20425515.221572
-403845962.296871	17957274.239730
-403993051.405559	15488311.591839
-404125876.648873	13018714.691866
-404244437.578037	10548570.925700
-404348734.338774	8077967.646423
-404438767.670687	5606992.169592
-404514538.906590	3135731.768535
-404576049.971789	664273.669651
-404623303.383322	-1807294.952275
-404656302.249160	-4278886.978748
-404675050.267347	-6750415.352227
-404679551.725116	-9221793.080772
-404669811.497940	-11692933.242685
-404645835.048560	-14163748.991134
-404607628.425949	-16634153.558761
-404555198.264246	-19104060.262280
-404488551.781643	-21573382.507059
-404407696.779224	-24042033.791683
-404312641.639769	-26509927.712503
-404203395.326509	-28976977.968173
-404079967.381838	-31443098.364163
-403942367.925992	-33908202.817260
-403790607.655671	-36372205.360046
-403624697.842636	-38835020.145363
-403444650.332249	-41296561.450760
-403250477.541983	-43756743.682909
-403042192.459886	-46215481.382019
-402819808.643003	-48672689.226216
-402583340.215767	-51128282.035908
-402332801.868334	-53582174.778130
-402068208.854894	-56034282.570863
-401789576.991935	-58484520.687335
-401496922.656466	-60932804.560299
-401190262.784208	-63379049.786287
-400869614.867740	-65823172.129842
-400534996.954613	-68265087.527725
-400186427.645419	-70704712.093102
-399823926.091830	-73141962.119699
-399447511.994595	-75576754.085939
-399057205.601504	-78009004.659054
-398653027.705311	-80438630.699164
-398234999.641626	-82865549.263340
-397803143.286767	-85289677.609633
-397357481.055583	-87710933.201082
-396898035.899231	-90129233.709686
-396424831.302935	-92544497.020363
-395937891.283695	-94956641.234867
-395437240.387969	-97365584.675687
-394922903.689326	-99771245.889909
-394394906.786058	-102173543.653059
-393853275.798766	-104572396.972909
-393298037.367908	-106967725.093257
-392729218.651323	-109359447.497676
-392146847.321714	-111747483.913236
-391550951.564111	-114131754.314191
-390941560.073295	-116512178.925640
-390318702.051194	-118888678.227154
-389682407.204253	-121261172.956375
-389032705.740771	-123629584.112578
-388369628.368212	-125993832.960209
-387693206.290484	-128353841.032383
-387003471.205194	-130709530.134359
-386300455.300873	-133060822.346972
-385584191.254175	-135407640.030042
-384854712.227052	-137749905.825744
-384112051.863897	-140087542.661947
-383356244.288664	-142420473.755521
-382587324.101968	-144748622.615607
-381805326.378151	-147071913.046855
-381010286.662330	-149390269.152630
-380202240.967421	-151703615.338184
-379381225.771135	-154011876.313785
-378547278.012954	-156314977.097827
-377700435.091089	-158612843.019888
-376840734.859404	-160905399.723772
-375968215.624332	-163192573.170494
-375082916.141761	-165474289.641252
-374184875.613902	-167750475.740349
-373274133.686136	-170021058.398081
-372350730.443842	-172285964.873600
-371414706.409205	-174545122.757727
-370466102.538010	-176798459.975739
-369504960.216403	-179045904.790116
-368531321.257656	-181287385.803254
-367545227.898894	-183522831.960140
-366546722.797816	-185752172.550992
-365535849.029399	-187975337.213861
-364512650.082581	-190192255.937202
-363477169.856932	-192402859.062398
-362429452.659309	-194607077.286262
-361369543.200497	-196804841.663486
-360297486.591833	-198996083.609067
-359213328.341817	-201180734.900691
-358117114.352715	-203358727.681078
-357008890.917140	-205529994.460293
-355888704.714625	-207694468.118021
-354756602.808186	-209852081.905803
-353612632.640872	-212002769.449236
-352456842.032300	-214146464.750136
-351289279.175184	-216283102.188664
-350109992.631852	-218412616.525417
-348919031.330752	-220534942.903479
-347716444.562951	-222650016.850437
-346502281.978626	-224757774.280361
-345276593.583538	-226858151.495743
-344039429.735510	-228951085.189406
-342790841.140888	-231036512.446370
-341530878.851002	-233114370.745684
-340259594.258611	-235184597.962222
-338977039.094353	-237247132.368442
-337683265.423177	-239301912.636105
-336378325.640780	-241348877.837963
-335062272.470034	-243387967.449408
-333735158.957406	-245419121.350083
-332397038.469380	-247442279.825459
-331047964.688866	-249457383.568374
-329687991.611619	-251464373.680540
-328317173.542639	-253463191.674007
-326935565.092581	-255453779.472598
-325543221.174159	-257436079.413303
-324140196.998540	-259410034.247639
-322726548.071754	-261375587.142977
-321302330.191084	-263332681.683830
-319867599.441468	-265281261.873107
-318422412.191895	-267221272.133329
-316966825.091803	-269152657.307818
-315500895.067478	-271075362.661837
-314024679.318453	-272989333.883712
-312538235.313904	-274894517.085907
-311041620.789059	-276790858.806065
-309534893.741593	-278678306.008023
-308018112.428041	-280556806.082784
-306491335.360203	-282426306.849460
-304954621.301554	-284286756.556178
-303408029.263663	-286138103.880954
-301851618.502608	-287980297.932531
-300285448.515399	-289813288.251188
-298709579.036406	-291637024.809513
-297124070.033791	-293451458.013140
-295528981.705942	-295256538.701458
-293924374.477916	-297052218.148284
-292310308.997889	-298838448.062505
-290686846.133606	-300615180.588689
-289054046.968843	-302382368.307659
-287411972.799873	-304139964.237040
-285760685.131941	-305887921.831770
-284100245.675741	-307626194.984585
-282430716.343909	-309354738.026466
-280752159.247515	-311073505.727060
-279064636.692572	-312782453.295067
-277368211.176542	-314481536.378598
-275662945.384864	-316170711.065503
-273948902.187482	-317849933.883663
-272226144.635383	-319519161.801263
-270494735.957147	-321178352.227022
-268754739.555509	-322827463.010405
-267006219.003924	-324466452.441797
-265249238.043148	-326095279.252655
-263483860.577828	-327713902.615621
-261710150.673104	-329322282.144621
-259928172.551220	-330920377.894920
-258137990.588145	-332508150.363160
-256339669.310211	-334085560.487363
-254533273.390760	-335652569.646912
-252718867.646800	-337209139.662501
-250896517.035675	-338755232.796056
-249066286.651754	-340290811.750634
-247228241.723122	-341815839.670290
-245382447.608289	-343330280.139922
-243528969.792917	-344834097.185089
-241667873.886550	-346327255.271797
-239799225.619364	-347809719.306268
-237923090.838935	-349281454.634678
-236039535.507008	-350742427.042871
-234148625.696293	-352192602.756046
-232250427.587267	-353631948.438427
-230345007.464998	-355060431.192898
-228432431.715975	-356478018.560617
-226512766.824957	-357884678.520614
-224586079.371840	-359280379.489354
-222652436.028536	-360665090.320282
-220711903.555865	-362038780.303345
-218764548.800466	-363401419.164489
-216810438.691727	-364752977.065138
-214849640.238718	-366093424.601642
-212882220.527159	-367422732.804713
-210908246.716383	-368740873.138829
-208927786.036336	-370047817.501627
-206940905.784575	-371343538.223264
-204947673.323294	-372628008.065765
-202948156.076366	-373901200.222346
-200942421.526395	-375163088.316719
-198930537.211789	-376413646.402373
-196912570.723853	-377652848.961839
-194888589.703895	-378880670.905932
-192858661.840349	-380097087.572976
-190822854.865917	-381302074.728008
-188781236.554728	-382495608.561966
-186733874.719514	-383677665.690850
-184680837.208808	-384848223.154877
-182622191.904150	-386007258.417607
-180558006.717318	-387154749.365058
-178488349.587579	-388290674.304798
-176413288.478950	-389415011.965023
-174332891.377486	-390527741.493619
-172247226.288576	-391628842.457202
-170156361.234267	-392718294.840145
-168060364.250599	-393796079.043591
-165959303.384964	-394862175.884443
-163853246.693478	-395916566.594344
-161742262.238376	-396959232.818639
-159626418.085422	-397990156.615321
-157505782.301338	-399009320.453965
-155380422.951257	-400016707.214643
-153250408.096185	-401012300.186828
-151115805.790488	-401996083.068280
-148976684.079400	-402968039.963921
-146833110.996541	-403928155.384697
-144685154.561463	-404876414.246419
-142532882.777208	-405812801.868603
-140376363.627890	-406737303.973285
-138215665.076290	-407649906.683829
-136050855.061479	-408550596.523722
-133882001.496446	-409439360.415357
-131709172.265762	-410316185.678800
-129532435.223245	-411181060.030551
-127351858.189661	-412033971.582288
-125167508.950431	-412874908.839603
-122979455.253361	-413703860.700726
-120787764.806394	-414520816.455236
-118592505.275379	-415325765.782763
-116393744.281857	-416118698.751682
-114191549.400867	-416899605.817792
-111985988.158771	-417668477.822986
-109777128.031102	-418425305.993914
-107565036.440420	-419170081.940634
-105349780.754201	-419902797.655256
-103131428.282735	-420623445.510572
-100910046.277043	-421332018.258682
-98685701.926821	-422028509.029610
-96458462.358391	-422712911.329907
-94228394.632682	-423385219.041256
-91995565.743222	-424045426.419060
-89760042.614152	-424693528.091020
-87521892.098258	-425329519.055718
-85281180.975021	-425953394.681179
-83037975.948690	-426565150.703436
-80792343.646363	-427164783.225076
-78544350.616100	-427752288.713798
-76294063.325044	-428327664.000940
-74041548.157565	-428890906.280024
-71786871.413421	-429442013.105276
-69530099.305941	-429980982.390151
-67271297.960219	-430507812.405847
-65010533.411334	-431022501.779817
-62747871.602581	-431525049.494269
-60483378.383728	-432015454.884671
-58217119.509282	-432493717.638241
-55949160.636783	-432959837.792439
-53679567.325106	-433413815.733450
-51408405.032789	-433855652.194665
-49135739.116373	-434285348.255157
-46861634.828765	-434702905.338151
-44586157.317612	-435108325.209494
-42309371.623701	-435501609.976119
-40031342.679367	-435882762.084504
-37752135.306929	-436251784.319129
-35471814.217134	-436608679.800932
-33190444.007623	-436953451.985754
-30908089.161415	-437286104.662796
-28624814.045406	-437606641.953055
-26340682.908883	-437915068.307769
-24055759.882064	-438211388.506861
-21770108.974642	-438495607.657370
-19483794.074359	-438767731.191892
-17196878.945586	-439027764.867011
-14909427.227925	-439275714.761730
-12621502.434827	-439511587.275902
-10333167.952230	-439735389.128660
-8044487.037203	-439947127.356842
-5755522.816619	-440146809.313418
-3466338.285836	-440334442.665914
-1176996.307396	-440510035.394837
1112440.390257	-440673595.792099
3401909.214047	-440825132.459438
5691347.707517	-440964654.306839
7980693.552067	-441092170.550960
10269884.568174	-441207690.713548
12558858.716595	-441311224.619865
14847554.099560	-441402782.397106
17135908.961944	-441482374.472825
19423861.692424	-441550011.573350
21711350.824627	-441605704.722213
23998315.038253	-441649465.238567
26284693.160192	-441681304.735610
28570424.165621	-441701235.119015
30855447.179085	-441709268.585347
33139701.475568	-441705417.620494
35423126.481546	-441689694.998096
37705661.776026	-441662113.777966
39987247.091571	-441622687.304529
42267822.315310	-441571429.205248
44547327.489932	-441508353.389056
46825702.814673	-441433474.044796
49102888.646278	-441346805.639651
51378825.499956	-441248362.917587
53653454.050323	-441138160.897791
55926715.132326	-441016214.873114
58198549.742152	-440882540.408517
60468899.038132	-440737153.339513
62737704.341625	-440580069.770623
65004907.137886	-440411306.073822
67270449.076930	-440230878.886996
69534271.974373	-440038805.112400
71796317.812267	-439835101.915113
74056528.739920	-439619786.721507
76314847.074699	-439392877.217706
78571215.302827	-439154391.348060
80825576.080164	-438904347.313611
83077872.232972	-438642763.570573
85328046.758676	-438369658.828807
87576042.826605	-438085052.050301
89821803.778725	-437788962.447659
92065273.130356	-437481409.482585
94306394.570883	-437162412.864375
96545111.964447	-436831992.548416
98781369.350634	-436490168.734680
101015110.945142	-436136961.866230
103246281.140445	-435772392.627726
105474824.506439	-435396481.943935
107700685.791083	-435009250.978245
109923809.921020	-434610721.131185
112144142.002197	-434200914.038945
114361627.320468	-433779851.571906
116576211.342181	-433347555.833167
118787839.714771	-432904049.157085
120996458.267320	-432449354.107810
123202013.011126	-431983493.477830
125404450.140246	-431506490.286520
127603716.032043	-431018367.778698
129799757.247709	-430519149.423174
131992520.532785	-430008858.911320
134181952.817673	-429487520.155633
136368001.218133	-428955157.288306
138550613.035769	-428411794.659805
140729735.758511	-427857456.837450
142905317.061083	-427292168.603998
145077304.805465	-426715954.956238
147245647.041336	-426128841.103581
149410292.006524	-425530852.466665
151571188.127428	-424922014.675956
153728284.019446	-424302353.570364
155881528.487386	-423671895.195851
158030870.525868	-423030665.804058
160176259.319721	-422378691.850926
162317644.244366	-421715999.995330
164454974.866197	-421042617.097714
166588200.942945	-420358570.218730
168717272.424043	-419663886.617888
170842139.450971	-418958593.752205
172962752.357605	-418242719.274863
175079061.670547	-417516291.033871
177191018.109455	-416779337.070736
179298572.587361	-416031885.619131
181401676.210977	-415273965.103577
183500280.281006	-414505604.138125
185594336.292427	-413726831.525047
187683795.934790	-412937676.253534
189768611.092493	-412138167.498388
191848733.845050	-411328334.618738
193924116.467361	-410508207.156745
195994711.429968	-409677814.836320
198060471.399301	-408837187.561852
200121349.237927	-407986355.416928
202177298.004780	-407125348.663074
204228270.955393	-406254197.738492
206274221.542119	-405372933.256804
208315103.414345	-404481586.005808
210350870.418703	-403580186.946227
212381476.599270	-402668767.210477
214406876.197761	-401747358.101434
216427023.653723	-400815991.091206
218441873.604714	-399874697.819914
220451380.886477	-398923510.094477
222455500.533116	-397962459.887403
224454187.777255	-396991579.335584
226447398.050197	-396010900.739099
228435086.982076	-395020456.560024
230417210.402006	-394020279.421245
232393724.338214	-393010402.105274
234364585.018184	-391990857.553080
236329748.868778	-390961678.862915
238289172.516364	-389922899.289157
240242812.786934	-388874552.241144
242190626.706214	-387816671.282029
244132571.499775	-386749290.127634
246068604.593132	-385672442.645306
247998683.611842	-384586162.852784
249922766.381599	-383490484.917072
251840810.928318	-382385443.153315
253752775.478218	-381271072.023681
255658618.457900	-380147406.136252
257558298.494419	-379014480.243914
259451774.415353	-377872329.243261
261339005.248867	-376720988.173500
263219950.223770	-375560492.215360
265094568.769572	-374390876.690011
266962820.516534	-373212177.057988
268824665.295710	-372024428.918118
