405500000.000000	0.000000
405500000.000000	2332108.800000
-5753525081098.935547	4664217.600000
-17261195931306.246094	-33083874979.400272
-28768461252934.515625	-66172414505.150925
-40275591403727.078125	-99260694954.123383
-51782640451589.398438	-132348788852.391235
-63289631568466.781250	-165436739977.589233
-74796577627703.437500	-198524575942.105469
-86303486821455.968750	-231612315541.619080
-97810364821235.625000	-264699972346.298584
-109317215786162.656250	-297787556597.654419
-120824042896749.031250	-330875076293.036804
-132330848663931.078125	-363962537847.529114
-143837635120375.812500	-397049946519.817444
-155344403945246.156250	-430137306698.254028
-166851156549041.468750	-463224622099.974365
-178357894133300.187500	-496311895913.695007
-189864617733832.843750	-529399130904.752625
-201371328252798.250000	-562486329494.071655
-212878026483003.718750	-595573493818.666138
-224384713126650.812500	-628660625778.768921
-235891388810028.187500	-661747727075.086182
-247398054095190.375000	-694834799238.632446
-258904709489357.781250	-727921843654.903442
-270411355452568.062500	-761008861583.669312
-281917992403966.937500	-794095854175.335815
-293424620727028.562500	-827182822484.585938
-304931240773923.375000	-860269767481.844849
-316437852869200.812500	-893356690062.984497
-327944457312916.312500	-926443591057.593994
-339451054383303.250000	-959530471236.070679
-350957644339070.062500	-992617331315.734741
-362464227421385.875000	-1025704171966.130127
-373970803855605.437500	-1058790993813.642456
-385477373852775.500000	-1091877797445.540649
-396983937610955.500000	-1124964583413.529053
-408490495316380.375000	-1158051352236.882568
-419997047144489.125000	-1191138104405.223389
-431503593260836.812500	-1224224840380.989990
-443010133821907.125000	-1257311560601.639893
-454516668975838.062500	-1290398265481.619385
-466023198863072.187500	-1323484955414.133301
-477529723616941.125000	-1356571630772.736084
-489036243364192.312500	-1389658291912.769287
-500542758225464.875000	-1422744939172.661133
-512049268315720.875000	-1455831572875.106445
-523555773744636.875000	-1488918193328.138428
-535062274616960.062500	-1522004800826.105225
-546568771032833.562500	-1555091395650.562500
-558075263088093.187500	-1588177978071.089355
-569581750874539.625000	-1621264548346.036621
-581088234480188.125000	-1654351106723.213379
-592594713989497.500000	-1687437653440.520020
-604101189483582.000000	-1720524188726.530518
-615607661040405.750000	-1753610712801.030029
-627114128734962.750000	-1786697225875.512695
-638620592639443.625000	-1819783728153.641357
-650127052823389.750000	-1852870219831.675537
-661633509353836.500000	-1885956701098.866699
-673139962295446.500000	-1919043172137.828125
-684646411710633.125000	-1952129633124.877441
-696152857659675.875000	-1985216084230.356934
-707659300200828.375000	-2018302525618.932129
-719165739390418.250000	-2051388957449.870850
-730672175282941.500000	-2084475379877.304443
-742178607931150.250000	-2117561793050.471924
-753685037386135.000000	-2150648197113.949951
-765191463697402.375000	-2183734592207.867432
-776697886912947.000000	-2216820978468.107422
-788204307079320.375000	-2249907356026.498535
-799710724241694.500000	-2282993725010.991211
-811217138443922.625000	-2316080085545.829102
-822723549728596.000000	-2349166437751.706543
-834229958137097.625000	-2382252781745.917969
-845736363709652.875000	-2415339117642.500488
-857242766485377.625000	-2448425445552.367676
-868749166502323.250000	-2481511765583.435547
-880255563797519.625000	-2514598077840.742676
-891761958407015.875000	-2547684382426.564453
-903268350365918.375000	-2580770679440.519531
-914774739708427.875000	-2613856968979.672852
-926281126467873.500000	-2646943251138.632324
-937787510676746.125000	-2680029526009.641113
-949293892366729.250000	-2713115793682.665039
-960800271568728.875000	-2746202054245.476074
-972306648312901.875000	-2779288307783.730957
-983813022628682.875000	-2812374554381.047363
-995319394544809.625000	-2845460794119.076172
-1006825764089347.625000	-2878547027077.569336
-1018332131289713.750000	-2911633253334.445801
-1029838496172698.000000	-2944719472965.853027
-1041344858764485.000000	-2977805686046.228516
-1052851219090674.250000	-3010891892648.355469
-1064357577176299.500000	-3043978092843.417480
-1075863933045847.375000	-3077064286701.051270
-1087370286723275.125000	-3110150474289.395020
-1098876638232027.250000	-3143236655675.138672
-1110382987595052.500000	-3176322830923.567383
-1121889334834818.625000	-3209409000098.606934
-1133395679973328.000000	-3242495163262.864746
-1144902023032131.500000	-3275581320477.670898
-1156408364032342.750000	-3308667471803.116211
-1167914702994650.500000	-3341753617298.090332
-1179421039939332.000000	-3374839757020.316406
-1190927374886265.250000	-3407925891026.386230
-1202433707854940.000000	-3441012019371.792480
-1213940038864469.250000	-3474098142110.960938
-1225446367933600.750000	-3507184259297.280762
-1236952695080726.500000	-3540270370983.134277
-1248459020323893.250000	-3573356477219.923828
-1259965343680811.750000	-3606442578058.101074
-1271471665168866.500000	-3639528673547.190918
-1282977984805124.500000	-3672614763735.818848
-1294484302606344.000000	-3705700848671.733398
-1305990618588982.250000	-3738786928401.831055
-1317496932769204.000000	-3771873002972.178223
-1329003245162889.250000	-3804959072428.033203
-1340509555785641.000000	-3838045136813.867188
-1352015864652791.500000	-3871131196173.384766
-1363522171779410.000000	-3904217250549.543457
-1375028477180309.250000	-3937303299984.572754
-1386534780870052.000000	-3970389344519.992188
-1398041082862957.500000	-4003475384196.629883
-1409547383173107.000000	-4036561419054.638672
-1421053681814350.000000	-4069647449133.513672
-1432559978800310.250000	-4102733474472.107422
-1444066274144390.250000	-4135819495108.645508
-1455572567859777.750000	-4168905511080.742676
-1467078859959450.250000	-4201991522425.416504
-1478585150456179.750000	-4235077529179.101562
-1490091439362538.250000	-4268163531377.663086
-1501597726690902.000000	-4301249529056.410156
-1513104012453456.000000	-4334335522250.108887
-1524610296662198.500000	-4367421510992.994629
-1536116579328945.500000	-4400507495318.784180
-1547622860465334.250000	-4433593475260.686523
-1559129140082828.250000	-4466679450851.416016
-1570635418192720.000000	-4499765422123.202148
-1582141694806135.500000	-4532851389107.800781
-1593647969934037.750000	-4565937351836.502930
-1605154243587230.250000	-4599023310340.147461
-1616660515776360.500000	-4632109264649.129883
-1628166786511923.500000	-4665195214793.409180
-1639673055804264.750000	-4698281160802.521484
-1651179323663583.500000	-4731367102705.586914
-1662685590099935.750000	-4764453040531.317383
-1674191855123237.500000	-4797538974308.026367
-1685698118743267.500000	-4830624904063.636719
-1697204380969670.250000	-4863710829825.689453
-1708710641811958.250000	-4896796751621.350586
-1720216901279515.000000	-4929882669477.417969
-1731723159381598.000000	-4962968583420.332031
-1743229416127340.500000	-4996054493476.178711
-1754735671525754.750000	-5029140399670.699219
-1766241925585733.750000	-5062226302029.294922
-1777748178316054.000000	-5095312200577.037109
-1789254429725377.500000	-5128398095338.670898
-1800760679822254.250000	-5161483986338.621094
-1812266928615124.500000	-5194569873601.000977
-1823773176112320.250000	-5227655757149.615234
-1835279422322067.750000	-5260741637007.967773
-1846785667252489.750000	-5293827513199.266602
-1858291910911606.750000	-5326913385746.429688
-1869798153307339.750000	-5359999254672.091797
-1881304394447511.250000	-5393085119998.605469
-1892810634339847.750000	-5426170981748.051758
-1904316872991981.000000	-5459256839942.240234
-1915823110411450.250000	-5492342694602.717773
-1927329346605703.500000	-5525428545750.770508
-1938835581582099.000000	-5558514393407.430664
-1950341815347907.750000	-5591600237593.479492
-1961848047910313.750000	-5624686078329.452148
-1973354279276417.000000	-5657771915635.642578
-1984860509453233.500000	-5690857749532.107422
-1996366738447697.750000	-5723943580038.668945
-2007872966266664.000000	-5757029407174.921875
-2019379192916907.250000	-5790115230960.235352
-2030885418405125.000000	-5823201051413.756836
-2042391642737938.250000	-5856286868554.416016
-2053897865921893.250000	-5889372682400.929688
-2065404087963462.250000	-5922458492971.802734
-2076910308869045.000000	-5955544300285.334961
-2088416528644970.000000	-5988630104359.621094
-2099922747297495.750000	-6021715905212.557617
-2111428964832811.500000	-6054801702861.843750
-2122935181257039.000000	-6087887497324.985352
-2134441396576233.000000	-6120973288619.296875
-2145947610796382.750000	-6154059076761.907227
-2157453823923413.000000	-6187144861769.759766
-2168960035963184.750000	-6220230643659.618164
-2180466246921496.750000	-6253316422448.066406
-2191972456804086.000000	-6286402198151.514648
-2203478665616629.000000	-6319487970786.198242
-2214984873364742.750000	-6352573740368.183594
-2226491080053985.500000	-6385659506913.369141
-2237997285689857.750000	-6418745270437.489258
-2249503490277803.250000	-6451831030956.116211
-2261009693823209.500000	-6484916788484.663086
-2272515896331409.500000	-6518002543038.383789
-2284022097807681.000000	-6551088294632.378906
-2295528298257249.500000	-6584174043281.595703
-2307034497685286.500000	-6617259789000.832031
-2318540696096913.000000	-6650345531804.737305
-2330046893497198.000000	-6683431271707.814453
-2341553089891160.500000	-6716517008724.424805
-2353059285283770.000000	-6749602742868.786133
-2364565479679947.000000	-6782688474154.977539
-2376071673084564.000000	-6815774202596.941406
-2387577865502445.500000	-6848859928208.483398
-2399084056938370.500000	-6881945651003.277344
-2410590247397071.000000	-6915031370994.865234
-2422096436883233.500000	-6948117088196.658203
-2433602625401500.500000	-6981202802621.941406
-2445108812956470.000000	-7014288514283.873047
-2456614999552696.500000	-7047374223195.486328
-2468121185194691.500000	-7080459929369.694336
-2479627369886924.500000	-7113545632819.288086
-2491133553633823.000000	-7146631333556.939453
-2502639736439774.000000	-7179717031595.204102
-2514145918309123.500000	-7212802726946.520508
-2525652099246177.500000	-7245888419623.213867
-2537158279255203.000000	-7278974109637.497070
-2548664458340427.500000	-7312059797001.471680
-2560170636506040.500000	-7345145481727.128906
-2571676813756194.000000	-7378231163826.353516
-2583182990095002.000000	-7411316843310.922852
-2594689165526542.000000	-7444402520192.508789
-2606195340054855.500000	-7477488194482.679688
-2617701513683947.500000	-7510573866192.902344
-2629207686417788.500000	-7543659535334.541016
-2640713858260313.500000	-7576745201918.861328
-2652220029215423.000000	-7609830865957.030273
-2663726199286983.500000	-7642916527460.118164
-2675232368478828.000000	-7676002186439.098633
-2686738536794757.000000	-7709087842904.851562
-2698244704238537.500000	-7742173496868.163086
-2709750870813905.000000	-7775259148339.726562
-2721257036524562.000000	-7808344797330.144531
-2732763201374180.500000	-7841430443849.930664
-2744269365366401.500000	-7874516087909.509766
-2755775528504834.500000	-7907601729519.217773
-2767281690793059.500000	-7940687368689.304688
-2778787852234626.500000	-7973773005429.936523
-2790294012833056.000000	-8006858639751.192383
-2801800172591839.000000	-8039944271663.070312
-2813306331514437.500000	-8073029901175.484375
-2824812489604286.000000	-8106115528298.269531
-2836318646864790.000000	-8139201153041.177734
-2847824803299328.000000	-8172286775413.883789
-2859330958911250.500000	-8205372395425.982422
-2870837113703881.000000	-8238458013086.993164
-2882343267680516.500000	-8271543628406.357422
-2893849420844427.500000	-8304629241393.441406
-2905355573198858.500000	-8337714852057.537109
-2916861724747028.000000	-8370800460407.862305
-2928367875492129.000000	-8403886066453.561523
-2939874025437329.500000	-8436971670203.708984
-2951380174585772.000000	-8470057271667.305664
-2962886322940575.500000	-8503142870853.283203
-2974392470504833.500000	-8536228467770.503906
-2985898617281616.500000	-8569314062427.761719
-2997404763273970.500000	-8602399654833.781250
-3008910908484918.000000	-8635485244997.221680
-3020417052917459.000000	-8668570832926.674805
-3031923196574570.000000	-8701656418630.666992
-3043429339459205.000000	-8734742002117.659180
-3054935481574295.500000	-8767827583396.049805
-3066441622922751.000000	-8800913162474.171875
-3077947763507459.000000	-8833998739360.298828
-3089453903331285.000000	-8867084314062.638672
-3100960042397073.500000	-8900169886589.339844
-3112466180707648.000000	-8933255456948.490234
-3123972318265810.500000	-8966341025148.117188
-3135478455074342.500000	-8999426591196.189453
-3146984591136005.000000	-9032512155100.617188
-3158490726453538.500000	-9065597716869.251953
-3169996861029664.000000	-9098683276509.888672
-3181502994867082.500000	-9131768834030.265625
-3193009127968475.000000	-9164854389438.064453
-3204515260336503.500000	-9197939942740.912109
-3216021391973811.000000	-9231025493946.378906
-3227527522883021.000000	-9264111043061.982422
-3239033653066738.500000	-9297196590095.187500
-3250539782527549.500000	-9330282135053.404297
-3262045911268022.500000	-9363367677943.990234
-3273552039290707.000000	-9396453218774.251953
-3285058166598135.000000	-9429538757551.441406
-3296564293192820.500000	-9462624294282.765625
-3308070419077260.000000	-9495709828975.375000
-3319576544253932.500000	-9528795361636.375000
-3331082668725299.500000	-9561880892272.818359
-3342588792493806.000000	-9594966420891.710938
-3354094915561880.000000	-9628051947500.009766
-3365601037931932.000000	-9661137472104.623047
-3377107159606357.000000	-9694222994712.414062
-3388613280587533.000000	-9727308515330.195312
-3400119400877822.000000	-9760394033964.738281
-3411625520479569.500000	-9793479550622.763672
-3423131639395106.000000	-9826565065310.949219
-3434637757626746.000000	-9859650578035.927734
-3446143875176788.000000	-9892736088804.285156
-3457649992047515.000000	-9925821597622.566406
-3469156108241195.500000	-9958907104497.271484
-3480662223760082.500000	-9991992609434.859375
-3492168338606414.500000	-10025078112441.742188
-3503674452782414.000000	-10058163613524.291016
-3515180566290290.500000	-10091249112688.835938
-3526686679132237.500000	-10124334609941.666016
-3538192791310435.000000	-10157420105289.029297
-3549698902827048.500000	-10190505598737.132812
-3561205013684229.000000	-10223591090292.140625
-3572711123884114.500000	-10256676579960.179688
-3584217233428829.000000	-10289762067747.337891
-3595723342320482.000000	-10322847553659.662109
-3607229450561170.000000	-10355933037703.162109
-3618735558152976.000000	-10389018519883.808594
-3630241665097970.000000	-10422104000207.533203
-3641747771398208.500000	-10455189478680.230469
-3653253877055735.000000	-10488274955307.757812
-3664759982072580.500000	-10521360430095.937500
-3676266086450762.500000	-10554445903050.550781
-3687772190192286.000000	-10587531374177.347656
-3699278293299144.000000	-10620616843482.039062
-3710784395773316.500000	-10653702310970.302734
-3722290497616771.500000	-10686787776647.777344
-3733796598831465.000000	-10719873240520.070312
-3745302699419340.000000	-10752958702592.751953
-3756808799382328.500000	-10786044162871.361328
-3768314898722350.000000	-10819129621361.400391
-3779820997441312.500000	-10852215078068.337891
-3791327095541112.500000	-10885300532997.611328
-3802833193023634.500000	-10918385986154.623047
-3814339289890752.500000	-10951471437544.742188
-3825845386144328.000000	-10984556887173.308594
-3837351481786211.500000	-11017642335045.626953
-3848857576818243.000000	-11050727781166.972656
-3860363671242251.000000	-11083813225542.585938
-3871869765060053.500000	-11116898668177.679688
-3883375858273457.000000	-11149984109077.433594
-3894881950884257.500000	-11183069548246.996094
-3906388042894241.000000	-11216154985691.486328
-3917894134305182.000000	-11249240421415.992188
-3929400225118845.000000	-11282325855425.574219
-3940906315336984.000000	-11315411287725.259766
-3952412404961343.000000	-11348496718320.048828
-3963918493993655.500000	-11381582147214.912109
-3975424582435645.000000	-11414667574414.791016
-3986930670289025.000000	-11447752999924.597656
-3998436757555499.500000	-11480838423749.216797
-4009942844236762.000000	-11513923845893.505859
-4021448930334496.500000	-11547009266362.292969
-4032955015850377.500000	-11580094685160.378906
-4044461100786069.500000	-11613180102292.535156
-4055967185143228.000000	-11646265517763.509766
-4067473268923499.000000	-11679350931578.021484
-4078979352128519.000000	-11712436343740.761719
-4090485434759915.000000	-11745521754256.398438
-4101991516819305.000000	-11778607163129.570312
-4113497598308298.500000	-11811692570364.890625
-4125003679228495.000000	-11844777975966.947266
-4136509759581486.000000	-11877863379940.302734
-4148015839368853.000000	-11910948782289.492188
-4159521918592170.000000	-11944034183019.029297
-4171027997253001.000000	-11977119582133.398438
-4182534075352902.500000	-12010204979637.062500
-4194040152893421.500000	-12043290375534.458984
-4205546229876097.000000	-12076375769830.000000
-4217052306302459.500000	-12109461162528.072266
-4228558382174031.000000	-12142546553633.042969
-4240064457492325.000000	-12175631943149.251953
-4251570532258847.000000	-12208717331081.017578
-4263076606475094.500000	-12241802717432.630859
-4274582680142556.500000	-12274888102208.365234
-4286088753262714.500000	-12307973485412.466797
-4297594825837041.500000	-12341058867049.160156
-4309100897867003.000000	-12374144247122.648438
-4320606969354056.000000	-12407229625637.111328
-4332113040299650.500000	-12440315002596.705078
-4343619110705228.500000	-12473400378005.564453
-4355125180572224.000000	-12506485751867.804688
-4366631249902064.000000	-12539571124187.515625
-4378137318696167.500000	-12572656494968.767578
-4389643386955946.000000	-12605741864215.609375
-4401149454682804.000000	-12638827231932.066406
-4412655521878138.000000	-12671912598122.146484
-4424161588543338.000000	-12704997962789.835938
-4435667654679786.000000	-12738083325939.097656
-4447173720288857.500000	-12771168687573.876953
-4458679785371920.500000	-12804254047698.095703
-4470185849930335.500000	-12837339406315.656250
-4481691913965457.000000	-12870424763430.443359
-4493197977478631.500000	-12903510119046.320312
-4504704040471199.000000	-12936595473167.128906
-4516210102944493.000000	-12969680825796.695312
-4527716164899839.000000	-13002766176938.822266
-4539222226338558.000000	-13035851526597.292969
-4550728287261962.000000	-13068936874775.875000
-4562234347671357.000000	-13102022221478.314453
-4573740407568043.000000	-13135107566708.337891
-4585246466953313.000000	-13168192910469.654297
-4596752525828454.000000	-13201278252765.955078
-4608258584194745.000000	-13234363593600.910156
-4619764642053461.000000	-13267448932978.173828
-4631270699405868.000000	-13300534270901.380859
-4642776756253228.000000	-13333619607374.148438
-4654282812596796.000000	-13366704942400.076172
-4665788868437820.000000	-13399790275982.744141
-4677294923777542.000000	-13432875608125.716797
-4688800978617198.000000	-13465960938832.539062
-4700307032958019.000000	-13499046268106.740234
-4711813086801229.000000	-13532131595951.832031
-4723319140148046.000000	-13565216922371.308594
-4734825192999682.000000	-13598302247368.644531
-4746331245357344.000000	-13631387570947.302734
-4757837297222231.000000	-13664472893110.724609
-4769343348595539.000000	-13697558213862.337891
-4780849399478456.000000	-13730643533205.552734
-4792355449872165.000000	-13763728851143.763672
-4803861499777844.000000	-13796814167680.345703
-4815367549196664.000000	-13829899482818.662109
-4826873598129792.000000	-13862984796562.056641
-4838379646578388.000000	-13896070108913.859375
-4849885694543607.000000	-13929155419877.382812
-4861391742026598.000000	-13962240729455.923828
-4872897789028506.000000	-13995326037652.765625
-4884403835550469.000000	-14028411344471.173828
-4895909881593621.000000	-14061496649914.400391
-4907415927159089.000000	-14094581953985.679688
-4918921972247996.000000	-14127667256688.232422
-4930428016861459.000000	-14160752558025.263672
-4941934061000591.000000	-14193837857999.964844
-4953440104666498.000000	-14226923156615.511719
-4964946147860283.000000	-14260008453875.064453
-4976452190583042.000000	-14293093749781.769531
-4987958232835866.000000	-14326179044338.757812
-4999464274619842.000000	-14359264337549.146484
-5010970315936052.000000	-14392349629416.037109
-5022476356785572.000000	-14425434919942.519531
-5033982397169473.000000	-14458520209131.667969
-5045488437088823.000000	-14491605496986.542969
-5056994476544683.000000	-14524690783510.189453
-5068500515538110.000000	-14557776068705.640625
-5080006554070156.000000	-14590861352575.916016
-5091512592141869.000000	-14623946635124.019531
-5103018629754291.000000	-14657031916352.941406
-5114524666908461.000000	-14690117196265.660156
-5126030703605411.000000	-14723202474865.140625
-5137536739846170.000000	-14756287752154.333984
-5149042775631762.000000	-14789373028136.177734
-5160548810963207.000000	-14822458302813.595703
-5172054845841519.000000	-14855543576189.500000
-5183560880267709.000000	-14888628848266.791016
-5195066914242782.000000	-14921714119048.351562
-5206572947767740.000000	-14954799388537.056641
-5218078980843580.000000	-14987884656735.765625
-5229585013471294.000000	-15020969923647.326172
-5241091045651870.000000	-15054055189274.574219
-5252597077386292.000000	-15087140453620.332031
-5264103108675540.000000	-15120225716687.408203
-5275609139520589.000000	-15153310978478.603516
-5287115169922409.000000	-15186396238996.701172
-5298621199881968.000000	-15219481498244.476562
-5310127229400227.000000	-15252566756224.689453
-5321633258478146.000000	-15285652012940.089844
-5333139287116678.000000	-15318737268393.416016
-5344645315316773.000000	-15351822522587.394531
-5356151343079377.000000	-15384907775524.738281
-5367657370405432.000000	-15417993027208.148438
-5379163397295876.000000	-15451078277640.318359
-5390669423751643.000000	-15484163526823.925781
-5402175449773662.000000	-15517248774761.638672
-5413681475362859.000000	-15550334021456.113281
-5425187500520156.000000	-15583419266909.996094
-5436693525246471.000000	-15616504511125.919922
-5448199549542718.000000	-15649589754106.507812
-5459705573409807.000000	-15682674995854.371094
-5471211596848645.000000	-15715760236372.109375
-5482717619860134.000000	-15748845475662.314453
-5494223642445172.000000	-15781930713727.564453
-5505729664604655.000000	-15815015950570.425781
-5517235686339474.000000	-15848101186193.457031
-5528741707650516.000000	-15881186420599.205078
-5540247728538665.000000	-15914271653790.205078
-5551753749004802.000000	-15947356885768.984375
-5563259769049802.000000	-15980442116538.056641
-5574765788674539.000000	-16013527346099.925781
-5586271807879882.000000	-16046612574457.085938
-5597777826666696.000000	-16079697801612.021484
-5609283845035843.000000	-16112783027567.205078
-5620789862988182.000000	-16145868252325.101562
-5632295880524568.000000	-16178953475888.164062
-5643801897645852.000000	-16212038698258.835938
-5655307914352882.000000	-16245123919439.550781
-5666813930646503.000000	-16278209139432.732422
-5678319946527556.000000	-16311294358240.792969
-5689825961996879.000000	-16344379575866.136719
-5701331977055305.000000	-16377464792311.158203
-5712837991703666.000000	-16410550007578.242188
-5724344005942790.000000	-16443635221669.763672
-5735850019773500.000000	-16476720434588.087891
-5747356033196618.000000	-16509805646335.568359
-5758862046212961.000000	-16542890856914.554688
-5770368058823343.000000	-16575976066327.380859
-5781874071028576.000000	-16609061274576.376953
-5793380082829467.000000	-16642146481663.859375
-5804886094226821.000000	-16675231687592.138672
-5816392105221440.000000	-16708316892363.515625
-5827898115814122.000000	-16741402095980.279297
-5839404126005662.000000	-16774487298444.710938
-5850910135796852.000000	-16807572499759.083984
-5862416145188480.000000	-16840657699925.664062
-5873922154181333.000000	-16873742898946.705078
-5885428162776193.000000	-16906828096824.451172
-5896934170973840.000000	-16939913293561.142578
-5908440178775050.000000	-16972998489159.005859
-5919946186180597.000000	-17006083683620.261719
-5931452193191251.000000	-17039168876947.121094
-5942958199807780.000000	-17072254069141.787109
-5954464206030949.000000	-17105339260206.453125
-5965970211861519.000000	-17138424450143.306641
-5977476217300248.000000	-17171509638954.523438
-5988982222347893.000000	-17204594826642.271484
-6000488227005206.000000	-17237680013208.712891
-6011994231272937.000000	-17270765198656.000000
-6023500235151833.000000	-17303850382986.275391
-6035006238642638.000000	-17336935566201.675781
-6046512241746093.000000	-17370020748304.328125
-6058018244462937.000000	-17403105929296.351562
-6069524246793906.000000	-17436191109179.857422
-6081030248739733.000000	-17469276287956.949219
-6092536250301148.000000	-17502361465629.724609
-6104042251478878.000000	-17535446642200.267578
-6115548252273647.000000	-17568531817670.660156
-6127054252686178.000000	-17601616992042.972656
-6138560252717190.000000	-17634702165319.269531
-6150066252367399.000000	-17667787337501.609375
-6161572251637519.000000	-17700872508592.039062
-6173078250528261.000000	-17733957678592.597656
-6184584249040333.000000	-17767042847505.320312
-6196090247174441.000000	-17800128015332.234375
-6207596244931289.000000	-17833213182075.355469
-6219102242311577.000000	-17866298347736.695312
-6230608239316003.000000	-17899383512318.257812
-6242114235945262.000000	-17932468675822.035156
-6253620232200048.000000	-17965553838250.019531
-6265126228081050.000000	-17998638999604.191406
-6276632223588956.000000	-18031724159886.523438
-6288138218724452.000000	-18064809319098.984375
-6299644213488220.000000	-18097894477243.531250
-6311150207880940.000000	-18130979634322.121094
-6322656201903290.000000	-18164064790336.695312
-6334162195555945.000000	-18197149945289.191406
-6345668188839578.000000	-18230235099181.539062
-6357174181754859.000000	-18263320252015.664062
-6368680174302456.000000	-18296405403793.484375
-6380186166483035.000000	-18329490554516.910156
-6391692158297259.000000	-18362575704187.843750
-6403198149745788.000000	-18395660852808.183594
-6414704140829281.000000	-18428746000379.816406
-6426210131548393.000000	-18461831146904.625000
-6437716121903779.000000	-18494916292384.488281
-6449222111896089.000000	-18528001436821.273438
-6460728101525973.000000	-18561086580216.843750
-6472234090794077.000000	-18594171722573.050781
-6483740079701045.000000	-18627256863891.750000
-6495246068247519.000000	-18660342004174.781250
-6506752056434139.000000	-18693427143423.980469
-6518258044261543.000000	-18726512281641.179688
-6529764031730365.000000	-18759597418828.199219
-6541270018841239.000000	-18792682554986.859375
-6552776005594795.000000	-18825767690118.968750
-6564281991991662.000000	-18858852824226.332031
-6575787978032467.000000	-18891937957310.746094
-6587293963717833.000000	-18925023089374.000000
-6598799949048382.000000	-18958108220417.882812
-6610305934024734.000000	-18991193350444.171875
-6621811918647507.000000	-19024278479454.640625
-6633317902917316.000000	-19057363607451.054688
-6644823886834774.000000	-19090448734435.175781
-6656329870400493.000000	-19123533860408.757812
-6667835853615081.000000	-19156618985373.550781
-6679341836479146.000000	-19189704109331.296875
-6690847818993292.000000	-19222789232283.730469
-6702353801158123.000000	-19255874354232.582031
-6713859782974239.000000	-19288959475179.574219
-6725365764442238.000000	-19322044595126.425781
-6736871745562717.000000	-19355129714074.851562
-6748377726336271.000000	-19388214832026.558594
-6759883706763492.000000	-19421299948983.246094
-6771389686844971.000000	-19454385064946.609375
-6782895666581296.000000	-19487470179918.339844
-6794401645973054.000000	-19520555293900.117188
-6805907625020829.000000	-19553640406893.621094
-6817413603725204.000000	-19586725518900.523438
-6828919582086759.000000	-19619810629922.492188
-6840425560106073.000000	-19652895739961.187500
-6851931537783722.000000	-19685980849018.265625
-6863437515120281.000000	-19719065957095.375000
-6874943492116323.000000	-19752151064194.156250
-6886449468772419.000000	-19785236170316.253906
-6897955445089138.000000	-19818321275463.296875
-6909461421067047.000000	-19851406379636.917969
-6920967396706710.000000	-19884491482838.734375
-6932473372008692.000000	-19917576585070.367188
-6943979346973553.000000	-19950661686333.425781
-6955485321601853.000000	-19983746786629.515625
-6966991295894150.000000	-20016831885960.238281
-6978497269851000.000000	-20049916984327.191406
-6990003243472956.000000	-20083002081731.964844
-7001509216760571.000000	-20116087178176.140625
-7013015189714395.000000	-20149172273661.300781
-7024521162334977.000000	-20182257368189.019531
-7036027134622863.000000	-20215342461760.867188
-7047533106578598.000000	-20248427554378.406250
-7059039078202726.000000	-20281512646043.199219
-7070545049495788.000000	-20314597736756.796875
-7082051020458323.000000	-20347682826520.750000
-7093556991090869.000000	-20380767915336.605469
-7105062961393963.000000	-20413853003205.898438
-7116568931368139.000000	-20446938090130.164062
-7128074901013929.000000	-20480023176110.929688
-7139580870331865.000000	-20513108261149.722656
-7151086839322475.000000	-20546193345248.062500
-7162592807986288.000000	-20579278428407.460938
-7174098776323829.000000	-20612363510629.429688
-7185604744335622.000000	-20645448591915.472656
-7197110712022189.000000	-20678533672267.089844
-7208616679384051.000000	-20711618751685.773438
-7220122646421728.000000	-20744703830173.015625
-7231628613135737.000000	-20777788907730.304688
-7243134579526593.000000	-20810873984359.117188
-7254640545594811.000000	-20843959060060.933594
-7266146511340904.000000	-20877044134837.222656
-7277652476765382.000000	-20910129208689.449219
-7289158441868754.000000	-20943214281619.078125
-7300664406651528.000000	-20976299353627.566406
-7312170371114211.000000	-21009384424716.367188
-7323676335257306.000000	-21042469494886.929688
-7335182299081317.000000	-21075554564140.695312
-7346688262586745.000000	-21108639632479.105469
-7358194225774089.000000	-21141724699903.593750
-7369700188643848.000000	-21174809766415.589844
-7381206151196519.000000	-21207894832016.519531
-7392712113432596.000000	-21240979896707.804688
-7404218075352573.000000	-21274064960490.863281
-7415724036956942.000000	-21307150023367.105469
-7427229998246193.000000	-21340235085337.941406
-7438735959220816.000000	-21373320146404.773438
-7450241919881297.000000	-21406405206569.000000
-7461747880228123.000000	-21439490265832.019531
-7473253840261778.000000	-21472575324195.218750
-7484759799982745.000000	-21505660381659.988281
-7496265759391505.000000	-21538745438227.707031
-7507771718488539.000000	-21571830493899.753906
-7519277677274324.000000	-21604915548677.503906
-7530783635749338.000000	-21638000602562.324219
-7542289593914056.000000	-21671085655555.582031
-7553795551768953.000000	-21704170707658.636719
-7565301509314501.000000	-21737255758872.843750
-7576807466551171.000000	-21770340809199.558594
-7588313423479433.000000	-21803425858640.132812
-7599819380099755.000000	-21836510907195.906250
-7611325336412605.000000	-21869595954868.222656
-7622831292418447.000000	-21902681001658.414062
-7634337248117746.000000	-21935766047567.816406
-7645843203510965.000000	-21968851092597.757812
-7657349158598565.000000	-22001936136749.562500
-7668855113381005.000000	-22035021180024.554688
-7680361067858745.000000	-22068106222424.046875
-7691867022032241.000000	-22101191263949.351562
-7703372975901949.000000	-22134276304601.777344
-7714878929468324.000000	-22167361344382.628906
-7726384882731819.000000	-22200446383293.207031
-7737890835692885.000000	-22233531421334.812500
-7749396788351973.000000	-22266616458508.734375
-7760902740709532.000000	-22299701494816.261719
-7772408692766009.000000	-22332786530258.679688
-7783914644521851.000000	-22365871564837.273438
-7795420595977503.000000	-22398956598553.316406
-7806926547133409.000000	-22432041631408.085938
-7818432497990011.000000	-22465126663402.851562
-7829938448547750.000000	-22498211694538.878906
-7841444398807066.000000	-22531296724817.433594
-7852950348768398.000000	-22564381754239.773438
-7864456298432183.000000	-22597466782807.152344
-7875962247798857.000000	-22630551810520.820312
-7887468196868854.000000	-22663636837382.027344
-7898974145642608.000000	-22696721863392.019531
-7910480094120551.000000	-22729806888552.035156
-7921986042303114.000000	-22762891912863.316406
-7933491990190727.000000	-22795976936327.089844
-7944997937783818.000000	-22829061958944.589844
-7956503885082814.000000	-22862146980717.042969
-7968009832088141.000000	-22895232001645.671875
-7979515778800223.000000	-22928317021731.695312
-7991021725219484.000000	-22961402040976.328125
-8002527671346347.000000	-22994487059380.785156
-8014033617181232.000000	-23027572076946.273438
-8025539562724559.000000	-23060657093673.996094
-8037045507976747.000000	-23093742109565.160156
-8048551452938213.000000	-23126827124620.960938
-8060057397609374.000000	-23159912138842.593750
-8071563341990644.000000	-23192997152231.250000
-8083069286082437.000000	-23226082164788.117188
-8094575229885166.000000	-23259167176514.382812
-8106081173399242.000000	-23292252187411.226562
-8117587116625076.000000	-23325337197479.828125
-8129093059563077.000000	-23358422206721.359375
-8140599002213653.000000	-23391507215136.996094
-8152104944577210.000000	-23424592222727.902344
-8163610886654154.000000	-23457677229495.246094
-8175116828444890.000000	-23490762235440.187500
-8186622769949821.000000	-23523847240563.882812
-8198128711169350.000000	-23556932244867.488281
-8209634652103877.000000	-23590017248352.156250
-8221140592753803.000000	-23623102251019.035156
-8232646533119526.000000	-23656187252869.273438
-8244152473201444.000000	-23689272253904.007812
-8255658412999954.000000	-23722357254124.378906
-8267164352515451.000000	-23755442253531.523438
-8278670291748330.000000	-23788527252126.574219
-8290176230698984.000000	-23821612249910.660156
-8301682169367806.000000	-23854697246884.910156
-8313188107755186.000000	-23887782243050.445312
-8324694045861515.000000	-23920867238408.386719
-8336199983687181.000000	-23953952232959.847656
-8347705921232573.000000	-23987037226705.945312
-8359211858498077.000000	-24020122219647.789062
-8370717795484079.000000	-24053207211786.488281
-8382223732190964.000000	-24086292203123.144531
-8393729668619115.000000	-24119377193658.863281
-8405235604768916.000000	-24152462183394.742188
-8416741540640747.000000	-24185547172331.875000
-8428247476234989.000000	-24218632160471.355469
-8439753411552022.000000	-24251717147814.273438
-8451259346592224.000000	-24284802134361.718750
-8462765281355973.000000	-24317887120114.769531
-8474271215843644.000000	-24350972105074.507812
-8485777150055614.000000	-24384057089242.015625
-8497283083992256.000000	-24417142072618.363281
-8508789017653944.000000	-24450227055204.625000
-8520294951041050.000000	-24483312037001.871094
-8531800884153946.000000	-24516397018011.164062
-8543306816993001.000000	-24549481998233.570312
-8554812749558585.000000	-24582566977670.148438
-8566318681851067.000000	-24615651956321.957031
-8577824613870813.000000	-24648736934190.050781
-8589330545618190.000000	-24681821911275.480469
-8600836477093564.000000	-24714906887579.296875
-8612342408297299.000000	-24747991863102.546875
-8623848339229758.000000	-24781076837846.273438
-8635354269891303.000000	-24814161811811.515625
-8646860200282296.000000	-24847246784999.312500
-8658366130403098.000000	-24880331757410.699219
-8669872060254068.000000	-24913416729046.707031
-8681377989835564.000000	-24946501699908.367188
-8692883919147944.000000	-24979586669996.707031
-8704389848191565.000000	-25012671639312.750000
-8715895776966783.000000	-25045756607857.519531
-8727401705473952.000000	-25078841575632.031250
-8738907633713427.000000	-25111926542637.304688
-8750413561685560.000000	-25145011508874.347656
-8761919489390703.000000	-25178096474344.175781
-8773425416829207.000000	-25211181439047.796875
-8784931344001422.000000	-25244266402986.214844
-8796437270907698.000000	-25277351366160.433594
-8807943197548383.000000	-25310436328571.453125
-8819449123923824.000000	-25343521290220.273438
-8830955050034368.000000	-25376606251107.886719
-8842460975880360.000000	-25409691211235.285156
-8853966901462145.000000	-25442776170603.457031
-8865472826780067.000000	-25475861129213.394531
-8876978751834469.000000	-25508946087066.078125
-8888484676625693.000000	-25542031044162.492188
-8899990601154080.000000	-25575116000503.617188
-8911496525419970.000000	-25608200956090.425781
-8923002449423702.000000	-25641285910923.898438
-8934508373165615.000000	-25674370865005.003906
-8946014296646047.000000	-25707455818334.710938
-8957520219865334.000000	-25740540770913.988281
-8969026142823812.000000	-25773625722743.800781
-8980532065521816.000000	-25806710673825.109375
-8992037987959681.000000	-25839795624158.871094
-9003543910137739.000000	-25872880573746.046875
-9015049832056324.000000	-25905965522587.589844
-9026555753715766.000000	-25939050470684.453125
-9038061675116396.000000	-25972135418037.585938
-9049567596258544.000000	-26005220364647.937500
-9061073517142540.000000	-26038305310516.449219
-9072579437768712.000000	-26071390255644.066406
-9084085358137386.000000	-26104475200031.730469
-9095591278248890.000000	-26137560143680.375000
-9107097198103550.000000	-26170645086590.937500
-9118603117701690.000000	-26203730028764.351562
-9130109037043634.000000	-26236814970201.550781
-9141614956129706.000000	-26269899910903.457031
-9153120874960228.000000	-26302984850871.000000
-9164626793535520.000000	-26336069790105.105469
-9176132711855906.000000	-26369154728606.691406
-9187638629921704.000000	-26402239666376.679688
-9199144547733234.000000	-26435324603415.984375
-9210650465290814.000000	-26468409539725.519531
-9222156382594762.000000	-26501494475306.199219
-9233662299645394.000000	-26534579410158.933594
-9245168216443026.000000	-26567664344284.628906
-9256674132987974.000000	-26600749277684.191406
-9268180049280552.000000	-26633834210358.523438
-9279685965321076.000000	-26666919142308.527344
-9291191881109856.000000	-26700004073535.101562
-9302697796647206.000000	-26733089004039.140625
-9314203711933436.000000	-26766173933821.542969
-9325709626968856.000000	-26799258862883.195312
-9337215541753778.000000	-26832343791224.992188
-9348721456288510.000000	-26865428718847.816406
-9360227370573360.000000	-26898513645752.558594
-9371733284608636.000000	-26931598571940.097656
-9383239198394644.000000	-26964683497411.316406
-9394745111931690.000000	-26997768422167.093750
-9406251025220080.000000	-27030853346208.304688
-9417756938260120.000000	-27063938269535.828125
-9429262851052112.000000	-27097023192150.531250
-9440768763596358.000000	-27130108114053.289062
-9452274675893162.000000	-27163193035244.964844
-9463780587942826.000000	-27196277955726.429688
-9475286499745650.000000	-27229362875498.546875
-9486792411301934.000000	-27262447794562.175781
-9498298322611978.000000	-27295532712918.175781
-9509804233676080.000000	-27328617630567.406250
-9521310144494538.000000	-27361702547510.722656
-9532816055067648.000000	-27394787463748.980469
-9544321965395708.000000	-27427872379283.027344
-9555827875479014.000000	-27460957294113.714844
-9567333785317860.000000	-27494042208241.890625
-9578839694912542.000000	-27527127121668.398438
-9590345604263352.000000	-27560212034394.082031
-9601851513370584.000000	-27593296946419.785156
-9613357422234528.000000	-27626381857746.343750
-9624863330855478.000000	-27659466768374.597656
-9636369239233724.000000	-27692551678305.382812
-9647875147369556.000000	-27725636587539.531250
-9659381055263264.000000	-27758721496077.871094
-9670886962915136.000000	-27791806403921.234375
-9682392870325460.000000	-27824891311070.449219
-9693898777494524.000000	-27857976217526.339844
-9705404684422616.000000	-27891061123289.730469
-9716910591110020.000000	-27924146028361.445312
-9728416497557022.000000	-27957230932742.300781
-9739922403763906.000000	-27990315836433.113281
-9751428309730956.000000	-28023400739434.699219
-9762934215458456.000000	-28056485641747.871094
-9774440120946690.000000	-28089570543373.445312
-9785946026195938.000000	-28122655444312.226562
-9797451931206482.000000	-28155740344565.027344
-9808957835978602.000000	-28188825244132.648438
-9820463740512578.000000	-28221910143015.898438
-9831969644808690.000000	-28254995041215.578125
-9843475548867218.000000	-28288079938732.488281
-9854981452688438.000000	-28321164835567.425781
-9866487356272628.000000	-28354249731721.191406
-9877993259620064.000000	-28387334627194.574219
-9889499162731024.000000	-28420419521988.371094
-9901005065605782.000000	-28453504416103.375000
-9912510968244612.000000	-28486589309540.371094
-9924016870647790.000000	-28519674202300.148438
-9935522772815588.000000	-28552759094383.492188
-9947028674748280.000000	-28585843985791.187500
-9958534576446138.000000	-28618928876524.015625
-9970040477909434.000000	-28652013766582.753906
-9981546379138438.000000	-28685098655968.183594
-9993052280133420.000000	-28718183544681.082031
-10004558180894652.000000	-28751268432722.222656
-10016064081422402.000000	-28784353320092.378906
-10027569981716938.000000	-28817438206792.320312
-10039075881778528.000000	-28850523092822.820312
-10050581781607440.000000	-28883607978184.644531
-10062087681203940.000000	-28916692862878.554688
-10073593580568294.000000	-28949777746905.320312
-10085099479700768.000000	-28982862630265.703125
-10096605378601626.000000	-29015947512960.460938
-10108111277271134.000000	-29049032394990.355469
-10119617175709554.000000	-29082117276356.144531
-10131123073917148.000000	-29115202157058.582031
-10142628971894180.000000	-29148287037098.421875
-10154134869640912.000000	-29181371916476.417969
-10165640767157606.000000	-29214456795193.316406
-10177146664444522.000000	-29247541673249.871094
-10188652561501920.000000	-29280626550646.824219
-10200158458330058.000000	-29313711427384.925781
-10211664354929196.000000	-29346796303464.914062
-10223170251299594.000000	-29379881178887.535156
-10234676147441508.000000	-29412966053653.527344
-10246182043355194.000000	-29446050927763.632812
-10257687939040910.000000	-29479135801218.582031
-10269193834498912.000000	-29512220674019.117188
-10280699729729456.000000	-29545305546165.968750
-10292205624732796.000000	-29578390417659.867188
-10303711519509186.000000	-29611475288501.542969
-10315217414058882.000000	-29644560158691.726562
-10326723308382134.000000	-29677645028231.144531
-10338229202479196.000000	-29710729897120.523438
-10349735096350320.000000	-29743814765360.585938
-10361240989995758.000000	-29776899632952.054688
-10372746883415760.000000	-29809984499895.648438
-10384252776610576.000000	-29843069366192.089844
-10395758669580458.000000	-29876154231842.093750
-10407264562325652.000000	-29909239096846.375000
-10418770454846410.000000	-29942323961205.652344
-10430276347142978.000000	-29975408824920.632812
-10441782239215604.000000	-30008493687992.031250
-10453288131064534.000000	-30041578550420.558594
-10464794022690016.000000	-30074663412206.917969
-10476299914092296.000000	-30107748273351.820312
-10487805805271620.000000	-30140833133855.968750
-10499311696228230.000000	-30173917993720.066406
-10510817586962374.000000	-30207002852944.816406
-10522323477474292.000000	-30240087711530.917969
-10533829367764230.000000	-30273172569479.066406
-10545335257832430.000000	-30306257426789.964844
-10556841147679134.000000	-30339342283464.304688
-10568347037304584.000000	-30372427139502.781250
-10579852926709022.000000	-30405511994906.089844
-10591358815892686.000000	-30438596849674.917969
-10602864704855818.000000	-30471681703809.957031
-10614370593598658.000000	-30504766557311.894531
-10625876482121444.000000	-30537851410181.417969
-10637382370424414.000000	-30570936262419.210938
-10648888258507808.000000	-30604021114025.960938
-10660394146371862.000000	-30637105965002.347656
-10671900034016814.000000	-30670190815349.050781
-10683405921442900.000000	-30703275665066.750000
-10694911808650354.000000	-30736360514156.121094
-10706417695639414.000000	-30769445362617.843750
-10717923582410314.000000	-30802530210452.593750
-10729429468963290.000000	-30835615057661.042969
-10740935355298574.000000	-30868699904243.863281
-10752441241416400.000000	-30901784750201.722656
-10763947127317000.000000	-30934869595535.292969
-10775453013000608.000000	-30967954440245.242188
-10786958898467456.000000	-31001039284332.234375
-10798464783717774.000000	-31034124127796.937500
-10809970668751794.000000	-31067208970640.011719
-10821476553569746.000000	-31100293812862.121094
-10832982438171860.000000	-31133378654463.925781
-10844488322558366.000000	-31166463495446.085938
-10855994206729494.000000	-31199548335809.257812
-10867500090685470.000000	-31232633175554.097656
-10879005974426524.000000	-31265718014681.261719
-10890511857952882.000000	-31298802853191.402344
-10902017741264772.000000	-31331887691085.171875
-10913523624362422.000000	-31364972528363.222656
-10925029507246056.000000	-31398057365026.203125
-10936535389915900.000000	-31431142201074.761719
-10948041272372180.000000	-31464227036509.546875
-10959547154615120.000000	-31497311871331.199219
-10971053036644944.000000	-31530396705540.367188
-10982558918461876.000000	-31563481539137.691406
-10994064800066140.000000	-31596566372123.812500
-11005570681457958.000000	-31629651204499.371094
-11017076562637552.000000	-31662736036265.007812
-11028582443605144.000000	-31695820867421.359375
-11040088324360956.000000	-31728905697969.062500
-11051594204905208.000000	-31761990527908.750000
-11063100085238122.000000	-31795075357241.054688
-11074605965359916.000000	-31828160185966.609375
-11086111845270812.000000	-31861245014086.042969
-11097617724971028.000000	-31894329841599.988281
-11109123604460782.000000	-31927414668509.070312
-11120629483740292.000000	-31960499494813.917969
-11132135362809778.000000	-31993584320515.156250
-11143641241669454.000000	-32026669145613.410156
-11155147120319540.000000	-32059753970109.300781
-11166652998760250.000000	-32092838794003.453125
-11178158876991802.000000	-32125923617296.484375
-11189664755014410.000000	-32159008439989.011719
-11201170632828290.000000	-32192093262081.656250
-11212676510433656.000000	-32225178083575.035156
-11224182387830722.000000	-32258262904469.761719
-11235688265019702.000000	-32291347724766.449219
-11247194142000810.000000	-32324432544465.710938
-11258700018774258.000000	-32357517363568.160156
-11270205895340258.000000	-32390602182074.406250
-11281711771699024.000000	-32423686999985.058594
-11293217647850766.000000	-32456771817300.722656
-11304723523795696.000000	-32489856634022.007812
-11316229399534024.000000	-32522941450149.519531
-11327735275065960.000000	-32556026265683.859375
-11339241150391714.000000	-32589111080625.632812
-11350747025511496.000000	-32622195894975.437500
-11362252900425514.000000	-32655280708733.875000
-11373758775133978.000000	-32688365521901.546875
-11385264649637096.000000	-32721450334479.050781
-11396770523935074.000000	-32754535146466.980469
-11408276398028120.000000	-32787619957865.933594
-11419782271916442.000000	-32820704768676.503906
-11431288145600246.000000	-32853789578899.285156
-11442794019079738.000000	-32886874388534.871094
-11454299892355124.000000	-32919959197583.847656
-11465805765426608.000000	-32953044006046.808594
-11477311638294396.000000	-32986128813924.339844
-11488817510958692.000000	-33019213621217.031250
-11500323383419700.000000	-33052298427925.464844
-11511829255677624.000000	-33085383234050.230469
-11523335127732666.000000	-33118468039591.906250
-11534840999585030.000000	-33151552844551.078125
-11546346871234918.000000	-33184637648928.328125
-11557852742682532.000000	-33217722452724.234375
-11569358613928074.000000	-33250807255939.375000
-11580864484971744.000000	-33283892058574.332031
-11592370355813744.000000	-33316976860629.679688
-11603876226454272.000000	-33350061662105.992188
-11615382096893530.000000	-33383146463003.843750
-11626887967131718.000000	-33416231263323.808594
-11638393837169034.000000	-33449316063066.460938
-11649899707005678.000000	-33482400862232.371094
-11661405576641848.000000	-33515485660822.105469
-11672911446077742.000000	-33548570458836.238281
-11684417315313556.000000	-33581655256275.332031
-11695923184349488.000000	-33614740053139.957031
-11707429053185736.000000	-33647824849430.675781
-11718934921822496.000000	-33680909645148.054688
-11730440790259964.000000	-33713994440292.656250
-11741946658498334.000000	-33747079234865.042969
-11753452526537804.000000	-33780164028865.777344
-11764958394378568.000000	-33813248822295.414062
-11776464262020820.000000	-33846333615154.515625
-11787970129464754.000000	-33879418407443.640625
-11799475996710564.000000	-33912503199163.343750
-11810981863758444.000000	-33945587990314.179688
-11822487730608586.000000	-33978672780896.707031
-11833993597261182.000000	-34011757570911.476562
-11845499463716426.000000	-34044842360359.039062
-11857005329974510.000000	-34077927149239.949219
-11868511196035624.000000	-34111011937554.753906
-11880017061899960.000000	-34144096725304.003906
-11891522927567708.000000	-34177181512488.246094
-11903028793039060.000000	-34210266299108.027344
-11914534658314204.000000	-34243351085163.894531
-11926040523393332.000000	-34276435870656.390625
-11937546388276632.000000	-34309520655586.062500
-11949052252964292.000000	-34342605439953.449219
-11960558117456502.000000	-34375690223759.097656
-11972063981753450.000000	-34408775007003.542969
-11983569845855322.000000	-34441859789687.328125
-11995075709762308.000000	-34474944571810.992188
-12006581573474594.000000	-34508029353375.070312
-12018087436992366.000000	-34541114134380.101562
-12029593300315812.000000	-34574198914826.617188
-12041099163445118.000000	-34607283694715.156250
-12052605026380468.000000	-34640368474046.250000
-12064110889122048.000000	-34673453252820.429688
-12075616751670044.000000	-34706538031038.226562
-12087122614024640.000000	-34739622808700.175781
-12098628476186020.000000	-34772707585806.800781
-12110134338154368.000000	-34805792362358.632812
-12121640199929868.000000	-34838877138356.199219
-12133146061512704.000000	-34871961913800.027344
-12144651922903056.000000	-34905046688690.640625
-12156157784101110.000000	-34938131463028.562500
-12167663645107046.000000	-34971216236814.320312
-12179169505921046.000000	-35004301010048.433594
-12190675366543292.000000	-35037385782731.425781
-12202181226973966.000000	-35070470554863.812500
-12213687087213248.000000	-35103555326446.117188
-12225192947261318.000000	-35136640097478.859375
-12236698807118356.000000	-35169724867962.554688
-12248204666784542.000000	-35202809637897.718750
-12259710526260056.000000	-35235894407284.867188
-12271216385545076.000000	-35268979176124.515625
-12282722244639782.000000	-35302063944417.179688
-12294228103544352.000000	-35335148712163.367188
-12305733962258964.000000	-35368233479363.593750
-12317239820783796.000000	-35401318246018.367188
-12328745679119026.000000	-35434403012128.203125
-12340251537264830.000000	-35467487777693.601562
-12351757395221386.000000	-35500572542715.078125
-12363263252988870.000000	-35533657307193.132812
-12374769110567456.000000	-35566742071128.273438
-12386274967957322.000000	-35599826834521.007812
-12397780825158644.000000	-35632911597371.843750
-12409286682171596.000000	-35665996359681.273438
-12420792538996352.000000	-35699081121449.804688
-12432298395633088.000000	-35732165882677.945312
-12443804252081978.000000	-35765250643366.187500
-12455310108343196.000000	-35798335403515.031250
-12466815964416914.000000	-35831420163124.976562
-12478321820303308.000000	-35864504922196.523438
-12489827676002548.000000	-35897589680730.164062
-12501333531514808.000000	-35930674438726.398438
-12512839386840260.000000	-35963759196185.718750
-12524345241979076.000000	-35996843953108.617188
-12535851096931428.000000	-36029928709495.593750
-12547356951697486.000000	-36063013465347.132812
-12558862806277422.000000	-36096098220663.726562
-12570368660671406.000000	-36129182975445.867188
-12581874514879610.000000	-36162267729694.046875
-12593380368902202.000000	-36195352483408.750000
-12604886222739354.000000	-36228437236590.468750
-12616392076391234.000000	-36261521989239.687500
-12627897929858010.000000	-36294606741356.890625
-12639403783139852.000000	-36327691492942.562500
-12650909636236930.000000	-36360776243997.187500
-12662415489149410.000000	-36393860994521.250000
-12673921341877460.000000	-36426945744515.234375
-12685427194421248.000000	-36460030493979.617188
-12696933046780942.000000	-36493115242914.882812
-12708438898956708.000000	-36526199991321.515625
-12719944750948714.000000	-36559284739199.984375
-12731450602757126.000000	-36592369486550.773438
-12742956454382108.000000	-36625454233374.359375
-12754462305823828.000000	-36658538979671.218750
-12765968157082452.000000	-36691623725441.820312
-12777474008158142.000000	-36724708470686.648438
-12788979859051066.000000	-36757793215406.164062
-12800485709761388.000000	-36790877959600.851562
-12811991560289270.000000	-36823962703271.179688
-12823497410634878.000000	-36857047446417.617188
-12835003260798376.000000	-36890132189040.640625
-12846509110779926.000000	-36923216931140.710938
-12858014960579692.000000	-36956301672718.304688
-12869520810197838.000000	-36989386413773.882812
-12881026659634524.000000	-37022471154307.914062
-12892532508889914.000000	-37055555894320.867188
-12904038357964170.000000	-37088640633813.203125
-12915544206857452.000000	-37121725372785.390625
-12927050055569924.000000	-37154810111237.890625
-12938555904101744.000000	-37187894849171.164062
-12950061752453074.000000	-37220979586585.679688
-12961567600624076.000000	-37254064323481.890625
-12973073448614908.000000	-37287149059860.265625
-12984579296425732.000000	-37320233795721.257812
-12996085144056706.000000	-37353318531065.328125
-13007590991507990.000000	-37386403265892.937500
-13019096838779744.000000	-37419488000204.539062
-13030602685872126.000000	-37452572734000.585938
-13042108532785294.000000	-37485657467281.539062
-13053614379519406.000000	-37518742200047.851562
-13065120226074620.000000	-37551826932299.976562
-13076626072451094.000000	-37584911664038.367188
-13088131918648986.000000	-37617996395263.476562
-13099637764668454.000000	-37651081125975.750000
-13111143610509652.000000	-37684165856175.648438
-13122649456172740.000000	-37717250585863.617188
-13134155301657872.000000	-37750335315040.101562
-13145661146965204.000000	-37783420043705.554688
-13157166992094892.000000	-37816504771860.421875
-13168672837047092.000000	-37849589499505.148438
-13180178681821960.000000	-37882674226640.179688
-13191684526419650.000000	-37915758953265.968750
-13203190370840316.000000	-37948843679382.953125
-13214696215084114.000000	-37981928404991.578125
-13226202059151196.000000	-38015013130092.281250
-13237707903041718.000000	-38048097854685.515625
-13249213746755832.000000	-38081182578771.710938
-13260719590293692.000000	-38114267302351.312500
-13272225433655450.000000	-38147352025424.765625
-13283731276841260.000000	-38180436747992.500000
-13295237119851276.000000	-38213521470054.960938
-13306742962685648.000000	-38246606191612.585938
-13318248805344528.000000	-38279690912665.804688
-13329754647828068.000000	-38312775633215.062500
-13341260490136420.000000	-38345860353260.789062
-13352766332269736.000000	-38378945072803.414062
-13364272174228166.000000	-38412029791843.375000
-13375778016011860.000000	-38445114510381.109375
-13387283857620970.000000	-38478199228417.046875
-13398789699055644.000000	-38511283945951.617188
-13410295540316034.000000	-38544368662985.250000
-13421801381402288.000000	-38577453379518.382812
-13433307222314558.000000	-38610538095551.437500
-13444813063052990.000000	-38643622811084.843750
-13456318903617734.000000	-38676707526119.031250
-13467824744008940.000000	-38709792240654.421875
-13479330584226756.000000	-38742876954691.453125
-13490836424271328.000000	-38775961668230.539062
-13502342264142806.000000	-38809046381272.109375
-13513848103841338.000000	-38842131093816.585938
-13525353943367070.000000	-38875215805864.398438
-13536859782720150.000000	-38908300517415.960938
-13548365621900724.000000	-38941385228471.703125
-13559871460908938.000000	-38974469939032.039062
-13571377299744940.000000	-39007554649097.398438
-13582883138408876.000000	-39040639358668.195312
-13594388976900890.000000	-39073724067744.843750
-13605894815221130.000000	-39106808776327.773438
-13617400653369740.000000	-39139893484417.390625
-13628906491346866.000000	-39172978192014.117188
-13640412329152652.000000	-39206062899118.375000
-13651918166787244.000000	-39239147605730.570312
-13663424004250784.000000	-39272232311851.125000
-13674929841543418.000000	-39305317017480.453125
-13686435678665290.000000	-39338401722618.960938
-13697941515616544.000000	-39371486427267.070312
-13709447352397322.000000	-39404571131425.187500
-13720953189007768.000000	-39437655835093.726562
-13732459025448024.000000	-39470740538273.093750
-13743964861718234.000000	-39503825240963.703125
-13755470697818540.000000	-39536909943165.960938
-13766976533749084.000000	-39569994644880.281250
-13778482369510008.000000	-39603079346107.070312
-13789988205101454.000000	-39636164046846.734375
-13801494040523564.000000	-39669248747099.679688
-13812999875776478.000000	-39702333446866.312500
-13824505710860338.000000	-39735418146147.031250
-13836011545775286.000000	-39768502844942.250000
-13847517380521460.000000	-39801587543252.367188
-13859023215099002.000000	-39834672241077.789062
-13870529049508052.000000	-39867756938418.921875
-13882034883748750.000000	-39900841635276.164062
-13893540717821234.000000	-39933926331649.914062
-13905046551725646.000000	-39967011027540.570312
-13916552385462124.000000	-40000095722948.539062
-13928058219030806.000000	-40033180417874.218750
-13939564052431832.000000	-40066265112318.007812
-13951069885665340.000000	-40099349806280.304688
-13962575718731468.000000	-40132434499761.500000
-13974081551630354.000000	-40165519192762.000000
-13985587384362136.000000	-40198603885282.195312
-13997093216926952.000000	-40231688577322.476562
-14008599049324940.000000	-40264773268883.242188
-14020104881556236.000000	-40297857959964.890625
-14031610713620978.000000	-40330942650567.812500
-14043116545519302.000000	-40364027340692.398438
-14054622377251344.000000	-40397112030339.046875
-14066128208817240.000000	-40430196719508.140625
-14077634040217126.000000	-40463281408200.078125
-14089139871451140.000000	-40496366096415.242188
-14100645702519414.000000	-40529450784154.031250
-14112151533422086.000000	-40562535471416.828125
-14123657364159290.000000	-40595620158204.023438
-14135163194731162.000000	-40628704844516.000000
-14146669025137836.000000	-40661789530353.148438
-14158174855379446.000000	-40694874215715.851562
-14169680685456128.000000	-40727958900604.500000
-14181186515368014.000000	-40761043585019.476562
-14192692345115238.000000	-40794128268961.171875
-14204198174697934.000000	-40827212952429.960938
-14215704004116236.000000	-40860297635426.226562
-14227209833370278.000000	-40893382317950.359375
-14238715662460190.000000	-40926467000002.734375
-14250221491386108.000000	-40959551681583.734375
-14261727320148162.000000	-40992636362693.742188
-14273233148746486.000000	-41025721043333.140625
-14284738977181210.000000	-41058805723502.304688
-14296244805452468.000000	-41091890403201.617188
-14307750633560390.000000	-41124975082431.453125
-14319256461505110.000000	-41158059761192.187500
-14330762289286756.000000	-41191144439484.203125
-14342268116905462.000000	-41224229117307.867188
-14353773944361356.000000	-41257313794663.562500
-14365279771654570.000000	-41290398471551.664062
-14376785598785236.000000	-41323483147972.546875
-14388291425753482.000000	-41356567823926.585938
-14399797252559438.000000	-41389652499414.156250
-14411303079203234.000000	-41422737174435.625000
-14422808905685000.000000	-41455821848991.367188
-14434314732004866.000000	-41488906523081.757812
-14445820558162960.000000	-41521991196707.164062
-14457326384159412.000000	-41555075869867.953125
-14468832209994350.000000	-41588160542564.500000
-14480338035667904.000000	-41621245214797.171875
-14491843861180200.000000	-41654329886566.343750
-14503349686531368.000000	-41687414557872.375000
-14514855511721534.000000	-41720499228715.640625
-14526361336750828.000000	-41753583899096.500000
-14537867161619376.000000	-41786668569015.328125
-14549372986327306.000000	-41819753238472.484375
-14560878810874744.000000	-41852837907468.335938
-14572384635261818.000000	-41885922576003.242188
-14583890459488654.000000	-41919007244077.578125
-14595396283555380.000000	-41952091911691.695312
-14606902107462120.000000	-41985176578845.960938
-14618407931209002.000000	-42018261245540.742188
-14629913754796152.000000	-42051345911776.398438
-14641419578223694.000000	-42084430577553.289062
-14652925401491756.000000	-42117515242871.773438
-14664431224600460.000000	-42150599907732.218750
-14675937047549934.000000	-42183684572134.976562
-14687442870340302.000000	-42216769236080.414062
-14698948692971688.000000	-42249853899568.882812
-14710454515444218.000000	-42282938562600.742188
-14721960337758016.000000	-42316023225176.351562
-14733466159913206.000000	-42349107887296.062500
-14744971981909910.000000	-42382192548960.234375
-14756477803748254.000000	-42415277210169.226562
-14767983625428362.000000	-42448361870923.390625
-14779489446950356.000000	-42481446531223.078125
-14790995268314360.000000	-42514531191068.648438
-14802501089520496.000000	-42547615850460.453125
-14814006910568888.000000	-42580700509398.843750
-14825512731459658.000000	-42613785167884.171875
-14837018552192928.000000	-42646869825916.789062
-14848524372768820.000000	-42679954483497.046875
-14860030193187458.000000	-42713039140625.296875
-14871536013448962.000000	-42746123797301.890625
-14883041833553454.000000	-42779208453527.179688
-14894547653501056.000000	-42812293109301.507812
-14906053473291888.000000	-42845377764625.226562
-14917559292926072.000000	-42878462419498.679688
-14929065112403730.000000	-42911547073922.218750
-14940570931724982.000000	-42944631727896.187500
-14952076750889948.000000	-42977716381420.937500
-14963582569898748.000000	-43010801034496.812500
-14975088388751504.000000	-43043885687124.156250
-14986594207448334.000000	-43076970339303.312500
-14998100025989358.000000	-43110054991034.625000
-15009605844374696.000000	-43143139642318.445312
-15021111662604468.000000	-43176224293155.109375
-15032617480678794.000000	-43209308943544.960938
-15044123298597792.000000	-43242393593488.343750
-15055629116361580.000000	-43275478242985.593750
-15067134933970278.000000	-43308562892037.054688
-15078640751424004.000000	-43341647540643.070312
-15090146568722876.000000	-43374732188803.976562
-15101652385867014.000000	-43407816836520.117188
-15113158202856534.000000	-43440901483791.828125
-15124664019691554.000000	-43473986130619.453125
-15136169836372192.000000	-43507070777003.328125
-15147675652898566.000000	-43540155422943.789062
-15159181469270792.000000	-43573240068441.171875
-15170687285488988.000000	-43606324713495.812500
-15182193101553270.000000	-43639409358108.046875
-15193698917463756.000000	-43672494002278.210938
-15205204733220562.000000	-43705578646006.640625
-15216710548823804.000000	-43738663289293.671875
-15228216364273600.000000	-43771747932139.632812
-15239722179570064.000000	-43804832574544.859375
-15251227994713312.000000	-43837917216509.687500
-15262733809703460.000000	-43871001858034.445312
-15274239624540624.000000	-43904086499119.468750
-15285745439224918.000000	-43937171139765.085938
-15297251253756458.000000	-43970255779971.632812
-15308757068135360.000000	-44003340419739.437500
-15320262882361738.000000	-44036425059068.828125
-15331768696435706.000000	-44069509697960.132812
-15343274510357380.000000	-44102594336413.679688
-15354780324126872.000000	-44135678974429.804688
-15366286137744298.000000	-44168763612008.828125
-15377791951209772.000000	-44201848249151.078125
-15389297764523406.000000	-44234932885856.882812
-15400803577685316.000000	-44268017522126.570312
-15412309390695614.000000	-44301102157960.468750
-15423815203554412.000000	-44334186793358.898438
-15435321016261826.000000	-44367271428322.187500
-15446826828817966.000000	-44400356062850.656250
-15458332641222948.000000	-44433440696944.632812
-15469838453476882.000000	-44466525330604.437500
-15481344265579882.000000	-44499609963830.398438
-15492850077532058.000000	-44532694596622.835938
-15504355889333524.000000	-44565779228982.070312
-15515861700984392.000000	-44598863860908.421875
-15527367512484774.000000	-44631948492402.210938
-15538873323834780.000000	-44665033123463.765625
-15550379135034522.000000	-44698117754093.398438
-15561884946084112.000000	-44731202384291.429688
-15573390756983660.000000	-44764287014058.187500
-15584896567733278.000000	-44797371643393.984375
-15596402378333076.000000	-44830456272299.132812
-15607908188783166.000000	-44863540900773.960938
-15619413999083656.000000	-44896625528818.781250
-15630919809234658.000000	-44929710156433.906250
-15642425619236282.000000	-44962794783619.656250
-15653931429088638.000000	-44995879410376.351562
-15665437238791836.000000	-45028964036704.304688
-15676943048345986.000000	-45062048662603.828125
-15688448857751196.000000	-45095133288075.242188
-15699954667007576.000000	-45128217913118.851562
-15711460476115234.000000	-45161302537734.976562
-15722966285074280.000000	-45194387161923.929688
-15734472093884824.000000	-45227471785686.023438
-15745977902546974.000000	-45260556409021.570312
-15757483711060838.000000	-45293641031930.882812
-15768989519426524.000000	-45326725654414.265625
-15780495327644140.000000	-45359810276472.039062
-15792001135713796.000000	-45392894898104.507812
-15803506943635598.000000	-45425979519311.984375
-15815012751409654.000000	-45459064140094.773438
-15826518559036072.000000	-45492148760453.187500
-15838024366514960.000000	-45525233380387.539062
-15849530173846424.000000	-45558317999898.132812
-15861035981030572.000000	-45591402618985.273438
-15872541788067510.000000	-45624487237649.273438
-15884047594957346.000000	-45657571855890.437500
-15895553401700186.000000	-45690656473709.070312
-15907059208296136.000000	-45723741091105.484375
-15918565014745304.000000	-45756825708079.976562
-15930070821047794.000000	-45789910324632.859375
-15941576627203714.000000	-45822994940764.429688
-15953082433213168.000000	-45856079556475.000000
-15964588239076264.000000	-45889164171764.867188
-15976094044793106.000000	-45922248786634.343750
-15987599850363798.000000	-45955333401083.718750
-15999105655788448.000000	-45988418015113.304688
-16010611461067160.000000	-46021502628723.398438
-16022117266200038.000000	-46054587241914.304688
-16033623071187188.000000	-46087671854686.328125
-16045128876028714.000000	-46120756467039.765625
-16056634680724722.000000	-46153841078974.914062
-16068140485275314.000000	-46186925690492.078125
-16079646289680596.000000	-46220010301591.554688
-16091152093940672.000000	-46253094912273.640625
-16102657898055644.000000	-46286179522538.640625
-16114163702025618.000000	-46319264132386.851562
-16125669505850696.000000	-46352348741818.570312
-16137175309530982.000000	-46385433350834.093750
-16148681113066580.000000	-46418517959433.710938
-16160186916457592.000000	-46451602567617.726562
-16171692719704122.000000	-46484687175386.437500
-16183198522806272.000000	-46517771782740.140625
-16194704325764146.000000	-46550856389679.125000
-16206210128577846.000000	-46583940996203.687500
-16217715931247474.000000	-46617025602314.125000
-16229221733773132.000000	-46650110208010.726562
-16240727536154924.000000	-46683194813293.789062
-16252233338392950.000000	-46716279418163.601562
-16263739140487312.000000	-46749364022620.460938
-16275244942438112.000000	-46782448626664.664062
-16286750744245452.000000	-46815533230296.492188
-16298256545909434.000000	-46848617833516.242188
-16309762347430158.000000	-46881702436324.210938
-16321268148807726.000000	-46914787038720.679688
-16332773950042238.000000	-46947871640705.945312
-16344279751133796.000000	-46980956242280.289062
-16355785552082500.000000	-47014040843444.007812
-16367291352888450.000000	-47047125444197.390625
-16378797153551748.000000	-47080210044540.718750
-16390302954072494.000000	-47113294644474.289062
-16401808754450786.000000	-47146379243998.382812
-16413314554686726.000000	-47179463843113.289062
-16424820354780414.000000	-47212548441819.296875
-16436326154731948.000000	-47245633040116.695312
-16447831954541430.000000	-47278717638005.765625
-16459337754208958.000000	-47311802235486.789062
-16470843553734632.000000	-47344886832560.062500
-16482349353118550.000000	-47377971429225.859375
-16493855152360812.000000	-47411056025484.468750
-16505360951461516.000000	-47444140621336.179688
-16516866750420762.000000	-47477225216781.273438
-16528372549238648.000000	-47510309811820.031250
-16539878347915272.000000	-47543394406452.734375
-16551384146450732.000000	-47576479000679.671875
-16562889944845128.000000	-47609563594501.117188
-16574395743098556.000000	-47642648187917.359375
-16585901541211114.000000	-47675732780928.679688
-16597407339182902.000000	-47708817373535.351562
-16608913137014016.000000	-47741901965737.664062
-16620418934704554.000000	-47774986557535.890625
-16631924732254614.000000	-47808071148930.320312
-16643430529664292.000000	-47841155739921.226562
-16654936326933686.000000	-47874240330508.882812
-16666442124062892.000000	-47907324920693.578125
-16677947921052008.000000	-47940409510475.585938
-16689453717901130.000000	-47973494099855.179688
-16700959514610354.000000	-48006578688832.648438
-16712465311179778.000000	-48039663277408.257812
-16723971107609496.000000	-48072747865582.289062
-16735476903899606.000000	-48105832453355.023438
-16746982700050204.000000	-48138917040726.726562
-16758488496061386.000000	-48172001627697.679688
-16769994291933248.000000	-48205086214268.164062
-16781500087665884.000000	-48238170800438.445312
-16793005883259390.000000	-48271255386208.804688
-16804511678713862.000000	-48304339971579.507812
-16816017474029396.000000	-48337424556550.835938
-16827523269206086.000000	-48370509141123.062500
-16839029064244028.000000	-48403593725296.453125
-16850534859143316.000000	-48436678309071.289062
-16862040653904044.000000	-48469762892447.835938
-16873546448526308.000000	-48502847475426.367188
-16885052243010202.000000	-48535932058007.156250
-16896558037355820.000000	-48569016640190.476562
-16908063831563258.000000	-48602101221976.593750
-16919569625632608.000000	-48635185803365.781250
-16931075419563964.000000	-48668270384358.304688
-16942581213357422.000000	-48701354964954.437500
-16954087007013074.000000	-48734439545154.453125
-16965592800531014.000000	-48767524124958.609375
-16977098593911334.000000	-48800608704367.187500
-16988604387154130.000000	-48833693283380.445312
-17000110180259494.000000	-48866777861998.656250
-17011615973227518.000000	-48899862440222.085938
-17023121766058296.000000	-48932947018051.000000
-17034627558751920.000000	-48966031595485.671875
-17046133351308484.000000	-48999116172526.359375
-17057639143728080.000000	-49032200749173.335938
-17069144936010800.000000	-49065285325426.859375
-17080650728156738.000000	-49098369901287.203125
-17092156520165984.000000	-49131454476754.625000
-17103662312038632.000000	-49164539051829.390625
-17115168103774772.000000	-49197623626511.773438
-17126673895374496.000000	-49230708200802.023438
-17138179686837898.000000	-49263792774700.414062
-17149685478165068.000000	-49296877348207.203125
-17161191269356098.000000	-49329961921322.656250
-17172697060411078.000000	-49363046494047.039062
-17184202851330100.000000	-49396131066380.609375
-17195708642113256.000000	-49429215638323.625000
-17207214432760636.000000	-49462300209876.351562
-17218720223272330.000000	-49495384781039.054688
-17230226013648430.000000	-49528469351811.992188
-17241731803889026.000000	-49561553922195.421875
-17253237593994210.000000	-49594638492189.601562
-17264743383964070.000000	-49627723061794.796875
-17276249173798698.000000	-49660807631011.265625
-17287754963498184.000000	-49693892199839.265625
-17299260753062618.000000	-49726976768279.054688
-17310766542492088.000000	-49760061336330.890625
-17322272331786686.000000	-49793145903995.031250
-17333778120946500.000000	-49826230471271.734375
-17345283909971620.000000	-49859315038161.265625
-17356789698862136.000000	-49892399604663.875000
-17368295487618138.000000	-49925484170779.812500
-17379801276239714.000000	-49958568736509.343750
-17391307064726954.000000	-49991653301852.718750
-17402812853079946.000000	-50024737866810.195312
-17414318641298778.000000	-50057822431382.031250
-17425824429383540.000000	-50090906995568.484375
-17437330217334320.000000	-50123991559369.804688
-17448836005151208.000000	-50157076122786.242188
-17460341792834290.000000	-50190160685818.054688
-17471847580383656.000000	-50223245248465.492188
-17483353367799394.000000	-50256329810728.812500
-17494859155081590.000000	-50289414372608.273438
-17506364942230334.000000	-50322498934104.117188
-17517870729245714.000000	-50355583495216.601562
-17529376516127816.000000	-50388668055945.976562
-17540882302876728.000000	-50421752616292.492188
-17552388089492538.000000	-50454837176256.406250
-17563893875975334.000000	-50487921735837.960938
-17575399662325202.000000	-50521006295037.414062
-17586905448542228.000000	-50554090853855.015625
-17598411234626502.000000	-50587175412291.007812
-17609917020578108.000000	-50620259970345.648438
-17621422806397134.000000	-50653344528019.179688
-17632928592083666.000000	-50686429085311.859375
-17644434377637792.000000	-50719513642223.929688
-17655940163059598.000000	-50752598198755.640625
-17667445948349168.000000	-50785682754907.234375
-17678951733506590.000000	-50818767310678.968750
-17690457518531950.000000	-50851851866071.085938
-17701963303425334.000000	-50884936421083.828125
-17713469088186828.000000	-50918020975717.453125
-17724974872816518.000000	-50951105529972.195312
-17736480657314488.000000	-50984190083848.312500
-17747986441680826.000000	-51017274637346.039062
-17759492225915616.000000	-51050359190465.625000
-17770998010018942.000000	-51083443743207.320312
-17782503793990890.000000	-51116528295571.367188
-17794009577831546.000000	-51149612847558.007812
-17805515361540994.000000	-51182697399167.484375
-17817021145119320.000000	-51215781950400.039062
-17828526928566608.000000	-51248866501255.921875
-17840032711882942.000000	-51281951051735.375000
-17851538495068408.000000	-51315035601838.640625
-17863044278123090.000000	-51348120151565.960938
-17874550061047070.000000	-51381204700917.578125
-17886055843840434.000000	-51414289249893.734375
-17897561626503266.000000	-51447373798494.671875
-17909067409035650.000000	-51480458346720.625000
-17920573191437670.000000	-51513542894571.843750
-17932078973709410.000000	-51546627442048.562500
-17943584755850954.000000	-51579711989151.023438
-17955090537862384.000000	-51612796535879.468750
-17966596319743784.000000	-51645881082234.140625
-17978102101495238.000000	-51678965628215.273438
-17989607883116830.000000	-51712050173823.109375
-18001113664608642.000000	-51745134719057.882812
-18012619445970756.000000	-51778219263919.835938
-18024125227203256.000000	-51811303808409.210938
-18035631008306224.000000	-51844388352526.234375
-18047136789279744.000000	-51877472896271.156250
-18058642570123896.000000	-51910557439644.203125
-18070148350838768.000000	-51943641982645.617188
-18081654131424436.000000	-51976726525275.640625
-18093159911880984.000000	-52009811067534.500000
-18104665692208496.000000	-52042895609422.437500
-18116171472407056.000000	-52075980150939.687500
-18127677252476740.000000	-52109064692086.484375
-18139183032417636.000000	-52142149232863.062500
-18150688812229820.000000	-52175233773269.664062
-18162194591913376.000000	-52208318313306.515625
-18173700371468388.000000	-52241402852973.851562
-18185206150894936.000000	-52274487392271.906250
-18196711930193100.000000	-52307571931200.921875
-18208217709362960.000000	-52340656469761.125000
-18219723488404600.000000	-52373741007952.750000
-18231229267318100.000000	-52406825545776.023438
-18242735046103540.000000	-52439910083231.187500
-18254240824761004.000000	-52472994620318.468750
-18265746603290568.000000	-52506079157038.101562
-18277252381692316.000000	-52539163693390.312500
-18288758159966328.000000	-52572248229375.335938
-18300263938112684.000000	-52605332764993.406250
-18311769716131464.000000	-52638417300244.750000
-18323275494022748.000000	-52671501835129.601562
-18334781271786620.000000	-52704586369648.187500
-18346287049423156.000000	-52737670903800.742188
-18357792826932436.000000	-52770755437587.492188
-18369298604314540.000000	-52803839971008.664062
-18380804381569548.000000	-52836924504064.492188
-18392310158697540.000000	-52870009036755.203125
-18403815935698596.000000	-52903093569081.023438
-18415321712572796.000000	-52936178101042.187500
-18426827489320216.000000	-52969262632638.921875
-18438333265940936.000000	-53002347163871.445312
-18449839042435036.000000	-53035431694739.992188
-18461344818802596.000000	-53068516225244.789062
-18472850595043696.000000	-53101600755386.062500
-18484356371158412.000000	-53134685285164.039062
-18495862147146824.000000	-53167769814578.945312
-18507367923009012.000000	-53200854343631.007812
-18518873698745052.000000	-53233938872320.445312
-18530379474355024.000000	-53267023400647.492188
-18541885249839004.000000	-53300107928612.367188
-18553391025197072.000000	-53333192456215.296875
-18564896800429304.000000	-53366276983456.507812
-18576402575535780.000000	-53399361510336.226562
-18587908350516580.000000	-53432446036854.671875
-18599414125371780.000000	-53465530563012.070312
-18610919900101456.000000	-53498615088808.648438
-18622425674705688.000000	-53531699614244.625000
-18633931449184552.000000	-53564784139320.218750
-18645437223538128.000000	-53597868664035.656250
-18656942997766492.000000	-53630953188391.164062
-18668448771869720.000000	-53664037712386.960938
-18679954545847888.000000	-53697122236023.265625
-18691460319701076.000000	-53730206759300.304688
-18702966093429360.000000	-53763291282218.296875
-18714471867032820.000000	-53796375804777.460938
-18725977640511528.000000	-53829460326978.015625
-18737483413865564.000000	-53862544848820.187500
-18748989187095000.000000	-53895629370304.195312
-18760494960199916.000000	-53928713891430.257812
-18772000733180388.000000	-53961798412198.593750
-18783506506036492.000000	-53994882932609.421875
-18795012278768304.000000	-54027967452662.968750
-18806518051375904.000000	-54061051972359.445312
-18818023823859364.000000	-54094136491699.070312
-18829529596218760.000000	-54127221010682.062500
-18841035368454168.000000	-54160305529308.640625
-18852541140565664.000000	-54193390047579.023438
-18864046912553324.000000	-54226474565493.429688
-18875552684417224.000000	-54259559083052.078125
-18887058456157440.000000	-54292643600255.179688
-18898564227774044.000000	-54325728117102.953125
-18910069999267116.000000	-54358812633595.617188
-18921575770636728.000000	-54391897149733.382812
-18933081541882956.000000	-54424981665516.476562
-18944587313005876.000000	-54458066180945.101562
-18956093084005560.000000	-54491150696019.476562
-18967598854882084.000000	-54524235210739.820312
-18979104625635524.000000	-54557319725106.343750
-18990610396265956.000000	-54590404239119.265625
-19002116166773452.000000	-54623488752778.796875
-19013621937158088.000000	-54656573266085.156250
-19025127707419936.000000	-54689657779038.554688
-19036633477559072.000000	-54722742291639.203125
-19048139247575572.000000	-54755826803887.320312
-19059645017469508.000000	-54788911315783.109375
-19071150787240956.000000	-54821995827326.796875
-19082656556889988.000000	-54855080338518.585938
-19094162326416676.000000	-54888164849358.687500
-19105668095821096.000000	-54921249359847.320312
-19117173865103324.000000	-54954333869984.687500
-19128679634263428.000000	-54987418379771.007812
-19140185403301488.000000	-55020502889206.492188
-19151691172217572.000000	-55053587398291.351562
-19163196941011756.000000	-55086671907025.789062
-19174702709684112.000000	-55119756415410.023438
-19186208478234716.000000	-55152840923444.265625
-19197714246663636.000000	-55185925431128.718750
-19209220014970948.000000	-55219009938463.593750
-19220725783156724.000000	-55252094445449.101562
-19232231551221040.000000	-55285178952085.453125
-19243737319163964.000000	-55318263458372.859375
-19255243086985572.000000	-55351347964311.523438
-19266748854685936.000000	-55384432469901.656250
-19278254622265128.000000	-55417516975143.468750
-19289760389723220.000000	-55450601480037.164062
-19301266157060284.000000	-55483685984582.953125
-19312771924276392.000000	-55516770488781.046875
-19324277691371616.000000	-55549854992631.640625
-19335783458346032.000000	-55582939496134.953125
-19347289225199708.000000	-55616023999291.187500
-19358794991932716.000000	-55649108502100.546875
-19370300758545128.000000	-55682193004563.242188
-19381806525037016.000000	-55715277506679.476562
-19393312291408452.000000	-55748362008449.453125
-19404818057659508.000000	-55781446509873.382812
-19416323823790252.000000	-55814531010951.468750
-19427829589800760.000000	-55847615511683.914062
-19439335355691100.000000	-55880700012070.929688
-19450841121461344.000000	-55913784512112.710938
-19462346887111564.000000	-55946869011809.468750
-19473852652641832.000000	-55979953511161.406250
-19485358418052216.000000	-56013038010168.726562
-19496864183342788.000000	-56046122508831.632812
-19508369948513620.000000	-56079207007150.328125
-19519875713564780.000000	-56112291505125.015625
-19531381478496340.000000	-56145376002755.898438
-19542887243308372.000000	-56178460500043.179688
-19554393008000944.000000	-56211544996987.062500
-19565898772574128.000000	-56244629493587.750000
-19577404537027992.000000	-56277713989845.437500
-19588910301362608.000000	-56310798485760.328125
-19600416065578044.000000	-56343882981332.632812
-19611921829674372.000000	-56376967476562.539062
-19623427593651664.000000	-56410051971450.257812
-19634933357509988.000000	-56443136465995.984375
-19646439121249412.000000	-56476220960199.921875
-19657944884870008.000000	-56509305454062.273438
-19669450648371844.000000	-56542389947583.234375
-19680956411754988.000000	-56575474440763.007812
-19692462175019512.000000	-56608558933601.789062
-19703967938165488.000000	-56641643426099.781250
-19715473701192980.000000	-56674727918257.179688
-19726979464102060.000000	-56707812410074.187500
-19738485226892796.000000	-56740896901551.000000
-19749990989565256.000000	-56773981392687.820312
-19761496752119512.000000	-56807065883484.835938
-19773002514555632.000000	-56840150373942.257812
-19784508276873684.000000	-56873234864060.273438
-19796014039073736.000000	-56906319353839.085938
-19807519801155856.000000	-56939403843278.890625
-19819025563120116.000000	-56972488332379.882812
-19830531324966580.000000	-57005572821142.265625
-19842037086695320.000000	-57038657309566.226562
-19853542848306404.000000	-57071741797651.968750
-19865048609799900.000000	-57104826285399.687500
-19876554371175876.000000	-57137910772809.578125
-19888060132434396.000000	-57170995259881.835938
-19899565893575532.000000	-57204079746616.656250
-19911071654599352.000000	-57237164233014.226562
-19922577415505924.000000	-57270248719074.750000
-19934083176295316.000000	-57303333204798.421875
-19945588936967592.000000	-57336417690185.437500
-19957094697522824.000000	-57369502175235.984375
-19968600457961076.000000	-57402586659950.265625
-19980106218282420.000000	-57435671144328.468750
-19991611978486920.000000	-57468755628370.789062
-20003117738574644.000000	-57501840112077.421875
-20014623498545660.000000	-57534924595448.554688
-20026129258400032.000000	-57568009078484.382812
-20037635018137828.000000	-57601093561185.101562
-20049140777759120.000000	-57634178043550.898438
-20060646537263968.000000	-57667262525581.968750
-20072152296652444.000000	-57700347007278.507812
-20083658055924612.000000	-57733431488640.703125
-20095163815080540.000000	-57766515969668.750000
-20106669574120292.000000	-57799600450362.835938
-20118175333043936.000000	-57832684930723.156250
-20129681091851540.000000	-57865769410749.898438
-20141186850543168.000000	-57898853890443.250000
-20152692609118888.000000	-57931938369803.406250
-20164198367578768.000000	-57965022848830.562500
-20175704125922872.000000	-57998107327524.898438
-20187209884151264.000000	-58031191805886.609375
-20198715642264012.000000	-58064276283915.882812
-20210221400261184.000000	-58097360761612.914062
-20221727158142844.000000	-58130445238977.882812
-20233232915909056.000000	-58163529716010.984375
-20244738673559888.000000	-58196614192712.406250
-20256244431095404.000000	-58229698669082.335938
-20267750188515672.000000	-58262783145120.968750
-20279255945820756.000000	-58295867620828.484375
-20290761703010720.000000	-58328952096205.070312
-20302267460085632.000000	-58362036571250.921875
-20313773217045552.000000	-58395121045966.218750
-20325278973890552.000000	-58428205520351.148438
-20336784730620692.000000	-58461289994405.906250
-20348290487236040.000000	-58494374468130.671875
-20359796243736660.000000	-58527458941525.632812
-20371302000122616.000000	-58560543414590.976562
-20382807756393976.000000	-58593627887326.890625
-20394313512550800.000000	-58626712359733.554688
-20405819268593156.000000	-58659796831811.164062
-20417325024521108.000000	-58692881303559.898438
-20428830780334720.000000	-58725965774979.945312
-20440336536034056.000000	-58759050246071.484375
-20451842291619180.000000	-58792134716834.710938
-20463348047090156.000000	-58825219187269.804688
-20474853802447052.000000	-58858303657376.945312
-20486359557689928.000000	-58891388127156.320312
-20497865312818852.000000	-58924472596608.117188
-20509371067833884.000000	-58957557065732.515625
-20520876822735088.000000	-58990641534529.703125
-20532382577522532.000000	-59023726002999.859375
-20543888332196276.000000	-59056810471143.171875
-20555394086756384.000000	-59089894938959.820312
-20566899841202920.000000	-59122979406449.992188
-20578405595535948.000000	-59156063873613.867188
-20589911349755532.000000	-59189148340451.625000
-20601417103861736.000000	-59222232806963.445312
-20612922857854624.000000	-59255317273149.515625
-20624428611734256.000000	-59288401739010.023438
-20635934365500696.000000	-59321486204545.140625
-20647440119154008.000000	-59354570669755.054688
-20658945872694256.000000	-59387655134639.945312
-20670451626121504.000000	-59420739599199.992188
-20681957379435812.000000	-59453824063435.375000
-20693463132637244.000000	-59486908527346.273438
-20704968885725860.000000	-59519992990932.875000
-20716474638701728.000000	-59553077454195.351562
-20727980391564908.000000	-59586161917133.890625
-20739486144315464.000000	-59619246379748.671875
-20750991896953456.000000	-59652330842039.867188
-20762497649478948.000000	-59685415304007.664062
-20774003401892000.000000	-59718499765652.234375
-20785509154192676.000000	-59751584226973.765625
-20797014906381040.000000	-59784668687972.429688
-20808520658457152.000000	-59817753148648.406250
-20820026410421076.000000	-59850837609001.875000
-20831532162272872.000000	-59883922069033.015625
-20843037914012604.000000	-59917006528742.007812
-20854543665640332.000000	-59950090988129.023438
-20866049417156120.000000	-59983175447194.242188
-20877555168560028.000000	-60016259905937.843750
-20889060919852116.000000	-60049344364360.007812
-20900566671032448.000000	-60082428822460.906250
-20912072422101084.000000	-60115513280240.718750
-20923578173058088.000000	-60148597737699.625000
-20935083923903520.000000	-60181682194837.796875
-20946589674637440.000000	-60214766651655.406250
-20958095425259912.000000	-60247851108152.640625
-20969601175770996.000000	-60280935564329.664062
-20981106926170752.000000	-60314020020186.664062
-20992612676459244.000000	-60347104475723.804688
-21004118426636532.000000	-60380188930941.265625
-21015624176702676.000000	-60413273385839.226562
-21027129926657736.000000	-60446357840417.859375
-21038635676501776.000000	-60479442294677.335938
-21050141426234852.000000	-60512526748617.835938
-21061647175857028.000000	-60545611202239.531250
-21073152925368364.000000	-60578695655542.593750
-21084658674768920.000000	-60611780108527.203125
-21096164424058756.000000	-60644864561193.531250
-21107670173237936.000000	-60677949013541.750000
-21119175922306516.000000	-60711033465572.031250
-21130681671264560.000000	-60744117917284.554688
-21142187420112124.000000	-60777202368679.484375
-21153693168849272.000000	-60810286819757.000000
-21165198917476060.000000	-60843371270517.273438
-21176704665992552.000000	-60876455720960.476562
-21188210414398808.000000	-60909540171086.781250
-21199716162694884.000000	-60942624620896.359375
-21211221910880844.000000	-60975709070389.382812
-21222727658956744.000000	-61008793519566.023438
-21234233406922648.000000	-61041877968426.453125
-21245739154778612.000000	-61074962416970.843750
-21257244902524696.000000	-61108046865199.359375
-21268750650160960.000000	-61141131313112.179688
-21280256397687464.000000	-61174215760709.476562
-21291762145104268.000000	-61207300207991.414062
-21303267892411432.000000	-61240384654958.164062
-21314773639609012.000000	-61273469101609.898438
-21326279386697068.000000	-61306553547946.789062
-21337785133675660.000000	-61339637993969.007812
-21349290880544848.000000	-61372722439676.718750
-21360796627304692.000000	-61405806885070.093750
-21372302373955248.000000	-61438891330149.296875
-21383808120496576.000000	-61471975774914.507812
-21395313866928736.000000	-61505060219365.890625
-21406819613251784.000000	-61538144663503.609375
-21418325359465780.000000	-61571229107327.835938
-21429831105570784.000000	-61604313550838.742188
-21441336851566852.000000	-61637397994036.492188
-21452842597454044.000000	-61670482436921.257812
-21464348343232416.000000	-61703566879493.203125
-21475854088902032.000000	-61736651321752.500000
-21487359834462944.000000	-61769735763699.312500
-21498865579915212.000000	-61802820205333.812500
-21510371325258896.000000	-61835904646656.164062
-21521877070494056.000000	-61868989087666.531250
-21533382815620748.000000	-61902073528365.085938
-21544888560639028.000000	-61935157968751.992188
-21556394305548956.000000	-61968242408827.414062
-21567900050350588.000000	-62001326848591.523438
-21579405795043984.000000	-62034411288044.476562
-21590911539629200.000000	-62067495727186.453125
-21602417284106296.000000	-62100580166017.609375
-21613923028475328.000000	-62133664604538.109375
-21625428772736352.000000	-62166749042748.125000
-21636934516889428.000000	-62199833480647.820312
-21648440260934612.000000	-62232917918237.359375
-21659946004871960.000000	-62266002355516.906250
-21671451748701532.000000	-62299086792486.625000
-21682957492423384.000000	-62332171229146.687500
-21694463236037576.000000	-62365255665497.250000
-21705968979544160.000000	-62398340101538.476562
-21717474722943196.000000	-62431424537270.531250
-21728980466234740.000000	-62464508972693.585938
-21740486209418852.000000	-62497593407807.796875
-21751991952495588.000000	-62530677842613.328125
-21763497695465000.000000	-62563762277110.343750
-21775003438327152.000000	-62596846711299.007812
-21786509181082096.000000	-62629931145179.484375
-21798014923729888.000000	-62663015578751.929688
-21809520666270588.000000	-62696100012016.515625
-21821026408704248.000000	-62729184444973.398438
-21832532151030928.000000	-62762268877622.742188
-21844037893250684.000000	-62795353309964.710938
-21855543635363572.000000	-62828437741999.460938
-21867049377369648.000000	-62861522173727.164062
-21878555119268968.000000	-62894606605147.968750
-21890060861061592.000000	-62927691036262.046875
-21901566602747572.000000	-62960775467069.554688
-21913072344326964.000000	-62993859897570.656250
-21924578085799824.000000	-63026944327765.507812
-21936083827166208.000000	-63060028757654.273438
-21947589568426172.000000	-63093113187237.117188
-21959095309579776.000000	-63126197616514.195312
-21970601050627072.000000	-63159282045485.671875
-21982106791568116.000000	-63192366474151.703125
-21993612532402964.000000	-63225450902512.445312
-22005118273131668.000000	-63258535330568.062500
-22016624013754288.000000	-63291619758318.718750
-22028129754270880.000000	-63324704185764.562500
-22039635494681496.000000	-63357788612905.765625
-22051141234986192.000000	-63390873039742.476562
-22062646975185024.000000	-63423957466274.859375
-22074152715278048.000000	-63457041892503.070312
-22085658455265320.000000	-63490126318427.273438
-22097164195146892.000000	-63523210744047.625000
-22108669934922820.000000	-63556295169364.281250
-22120175674593160.000000	-63589379594377.398438
-22131681414157968.000000	-63622464019087.140625
-22143187153617296.000000	-63655548443493.656250
-22154692892971204.000000	-63688632867597.109375
-22166198632219740.000000	-63721717291397.656250
-22177704371362964.000000	-63754801714895.453125
-22189210110400928.000000	-63787886138090.664062
-22200715849333688.000000	-63820970560983.437500
-22212221588161296.000000	-63854054983573.929688
-22223727326883808.000000	-63887139405862.304688
-22235233065501280.000000	-63920223827848.710938
-22246738804013764.000000	-63953308249533.312500
-22258244542421316.000000	-63986392670916.257812
-22269750280723992.000000	-64019477091997.710938
-22281256018921844.000000	-64052561512777.820312
-22292761757014924.000000	-64085645933256.750000
-22304267495003288.000000	-64118730353434.648438
-22315773232886992.000000	-64151814773311.671875
-22327278970666088.000000	-64184899192887.976562
-22338784708340628.000000	-64217983612163.718750
-22350290445910668.000000	-64251068031139.046875
-22361796183376264.000000	-64284152449814.125000
-22373301920737468.000000	-64317236868189.101562
-22384807657994332.000000	-64350321286264.132812
-22396313395146912.000000	-64383405704039.375000
-22407819132195260.000000	-64416490121514.976562
-22419324869139428.000000	-64449574538691.093750
-22430830605979472.000000	-64482658955567.882812
-22442336342715448.000000	-64515743372145.492188
-22453842079347404.000000	-64548827788424.085938
-22465347815875396.000000	-64581912204403.804688
-22476853552299480.000000	-64614996620084.812500
-22488359288619704.000000	-64648081035467.250000
-22499865024836124.000000	-64681165450551.281250
-22511370760948792.000000	-64714249865337.054688
-22522876496957760.000000	-64747334279824.718750
-22534382232863084.000000	-64780418694014.429688
-22545887968664816.000000	-64813503107906.343750
-22557393704363008.000000	-64846587521500.609375
-22568899439957712.000000	-64879671934797.375000
-22580405175448984.000000	-64912756347796.796875
-22591910910836876.000000	-64945840760499.023438
-22603416646121440.000000	-64978925172904.210938
-22614922381302728.000000	-65012009585012.507812
-22626428116380792.000000	-65045093996824.062500
-22637933851355684.000000	-65078178408339.031250
-22649439586227456.000000	-65111262819557.554688
-22660945320996164.000000	-65144347230479.796875
-22672451055661860.000000	-65177431641105.898438
-22683956790224592.000000	-65210516051436.015625
-22695462524684416.000000	-65243600461470.296875
-22706968259041384.000000	-65276684871208.890625
-22718473993295548.000000	-65309769280651.945312
-22729979727446960.000000	-65342853689799.609375
-22741485461495668.000000	-65375938098652.039062
-22752991195441728.000000	-65409022507209.382812
-22764496929285192.000000	-65442106915471.781250
-22776002663026112.000000	-65475191323439.390625
-22787508396664540.000000	-65508275731112.359375
-22799014130200524.000000	-65541360138490.835938
-22810519863634120.000000	-65574444545574.968750
-22822025596965380.000000	-65607528952364.906250
-22833531330194352.000000	-65640613358860.796875
-22845037063321088.000000	-65673697765062.796875
-22856542796345644.000000	-65706782170971.039062
-22868048529268068.000000	-65739866576585.679688
-22879554262088412.000000	-65772950981906.867188
-22891059994806728.000000	-65806035386934.750000
-22902565727423064.000000	-65839119791669.468750
-22914071459937476.000000	-65872204196111.179688
-22925577192350012.000000	-65905288600260.023438
-22937082924660724.000000	-65938373004116.148438
-22948588656869664.000000	-65971457407679.703125
-22960094388976880.000000	-66004541810950.835938
-22971600120982428.000000	-66037626213929.687500
-22983105852886356.000000	-66070710616616.406250
